0.026998 3363.589464 2797.893260 3895.695100 2560.883262 4138.032400 4174.922043 2508.603139
0.038171 9420.333188 7835.999910 10910.590081 7172.211068 11589.298984 11692.615018 7025.791246
0.047907 18432.875409 15332.792074 21348.878388 14033.948734 22676.915983 22879.075669 13747.447367
0.054468 26868.245427 22349.482182 31118.688288 20456.253869 33054.470918 33349.144209 20038.641919
0.059354 34533.145783 28725.281986 39996.143482 26291.958623 42484.160944 42862.897834 25755.211465
0.063716 42441.953319 35303.968100 49156.090942 32313.363154 52213.916071 52679.391574 31653.689751
0.068542 52428.130783 43610.647295 60722.039472 39916.382188 64499.341015 65074.338362 39101.494070
0.074125 65679.382704 54633.273223 76069.583437 50005.279660 80801.600961 81521.929347 48984.427920
0.078145 76392.831195 63544.909333 88477.854196 58162.009609 93981.745997 94819.572458 56974.639213
0.082906 90390.950272 75188.792583 104690.416544 68819.537593 111202.834035 112194.182683 67414.595051
0.087562 105495.872590 87753.334362 122184.873728 80319.734971 129785.559016 130942.568544 78680.017290
0.091678 120034.149310 99846.530302 139023.044375 91388.514293 147671.172215 148987.628025 89522.828819
0.097733 143476.366364 119346.181434 166173.721083 109236.346769 176510.795703 178084.350372 107006.299953
0.101911 161101.887323 134007.401783 186587.524958 122655.612731 198194.469522 199961.329343 120151.613222
0.105617 177735.824689 147843.805346 205852.880908 135319.932272 218658.254566 220607.544501 132557.392211
0.110903 203084.796130 168929.528531 235211.952486 154619.480377 249843.649294 252070.950120 151462.942373
0.114251 220132.902694 183110.445365 254956.997450 167599.129413 270816.963096 273231.236371 164177.613443
0.117869 239413.759972 199148.603769 277288.004855 182278.692780 294537.102839 297162.835909 178557.495298
0.120446 253687.625983 211021.858200 293819.936135 193146.161874 312097.426613 314879.706082 189203.106325
0.125162 280978.694595 233723.052192 325428.336449 213924.333988 345672.072796 348753.662804 209557.094567
0.128097 298712.802886 248474.597406 345967.905714 227426.273381 367489.335422 370765.421496 222783.393498
0.130827 315723.537833 262624.427868 365669.667030 240377.469376 388416.673053 391879.321709 235470.192393
0.133919 335581.350140 279142.507678 388668.901309 255496.299928 412846.607683 416527.043799 250280.373846
0.136795 354614.096477 294974.283008 410712.547669 269986.962965 436261.510676 440150.685468 264475.211749
0.138741 367785.450624 305930.448554 425967.554370 280015.029925 452465.476946 456499.106510 274298.556934
0.141568 387356.560956 322210.044586 448634.731634 294915.578698 476542.698477 480790.971141 288894.912805
0.143322 399751.091850 332520.034798 462990.024927 304352.207944 491790.983375 496175.191124 298138.894405
0.146367 421718.935700 350793.276199 488433.088822 321077.520059 518816.769546 523441.906195 314522.761295
0.148554 437840.681606 364203.629838 507105.226787 333351.880435 538650.434629 543452.384013 326546.542088
0.150107 449466.067996 373873.832036 520569.700166 342202.918214 552952.484884 557881.933879 335216.887000
0.152354 466540.032373 388076.257857 540344.693540 355202.254207 573957.610079 579074.315115 347950.843120
0.154240 481101.050485 400188.370489 557209.203172 366288.347785 591871.200717 597147.601448 358810.615438
0.156899 501977.179969 417553.504553 581387.848101 382182.478486 617553.912927 623059.269352 374380.269381
0.159928 526238.292812 437734.327699 609486.966450 400653.780783 647400.977228 653172.413624 392474.482274
0.161941 542642.230947 451379.413830 628485.938262 413142.989423 667581.807327 673533.151356 404708.725230
0.164324 562351.975657 467774.328392 651313.681276 428149.088075 691829.582832 697997.090412 419408.476191
0.166819 583305.836455 485204.120740 675582.354286 444102.399845 717607.923448 724005.239229 435036.103031
0.169474 605962.373641 504050.229449 701823.059891 461352.051585 745480.969776 752126.767594 451933.605215
0.172367 631048.940018 524917.679456 730878.215034 480451.816469 776343.542511 783264.473332 470643.450707
0.176028 663383.237281 551813.920318 768327.661454 505069.672342 816122.585450 823398.137633 494758.736028
0.178340 684127.849309 569069.655834 792353.983422 520863.671664 841643.499230 849146.564711 510230.302763
0.180802 706489.414173 587670.401344 818253.053332 537888.744962 869153.657924 876901.970379 526907.811247
0.183437 730726.725705 607831.426138 846324.605102 556341.926028 898971.440828 906985.572217 544984.272852
0.186493 759202.163706 631517.799554 879304.737036 578021.822855 934003.149164 942329.580478 566221.577206
0.188601 779071.208800 648045.222994 902316.981082 593149.205537 958446.902851 966991.244818 581040.136199
0.190522 797330.011609 663233.218398 923464.249320 607050.623351 980909.667235 989654.259774 594657.758248
0.192687 818091.334869 680502.854613 947509.926167 622857.345841 1006451.139893 1015423.429007 610141.788410
0.194626 836827.902986 696088.263657 969210.540165 637122.512321 1029501.671705 1038679.451207 624115.733240
0.197170 861629.861108 716718.971480 997936.063230 656005.589490 1060014.107125 1069463.898234 642613.314671
0.199307 882634.137759 734190.700626 1022263.127666 671997.285586 1085854.471491 1095534.623728 658278.542224
0.201250 901875.702867 750196.175107 1044548.627045 686646.933690 1109526.272318 1119417.453419 672629.119533
0.203862 927927.701206 771866.688511 1074721.941406 706481.734339 1141576.560968 1151753.463297 692058.995124
0.206118 950602.143580 790727.691073 1100983.384724 723745.018270 1169471.635028 1179897.215767 708969.851200
0.208525 974967.393142 810995.136984 1129203.113780 742295.605504 1199446.812798 1210139.615612 727141.730438
0.211154 1001778.496707 833297.087553 1160255.620605 762708.354171 1232430.985341 1243417.834751 747137.755308
0.213164 1022398.205818 850448.926612 1184137.280543 778407.258122 1257798.238182 1269011.231036 762516.168032
0.215418 1045643.917270 869785.120905 1211060.365292 796105.480215 1286396.112027 1297864.048595 779853.083060
0.217837 1070743.880672 890663.714795 1240131.036812 815215.444982 1317275.166358 1329018.382860 798572.920206
0.221243 1106316.820192 920253.915619 1281331.465007 842299.055025 1361038.526271 1373171.883439 825103.621624
0.222741 1122038.817214 933331.751061 1299540.615505 854269.064875 1380380.403088 1392686.188806 836829.265170
0.224747 1143172.379303 950911.022123 1324017.417789 870359.192994 1406379.819960 1418917.384724 852590.915268
0.226287 1159445.453099 964447.252981 1342864.823077 882748.767508 1426399.655122 1439115.692284 864727.558116
0.228451 1182397.783224 983539.407493 1369448.114814 900223.622471 1454636.598643 1467604.361906 881845.666026
0.231401 1213814.945299 1009672.759069 1405835.339136 924143.213535 1493287.342435 1506599.668522 905276.941531
0.234232 1244099.065541 1034863.626392 1440910.279197 947200.158343 1530544.169441 1544188.631894 927863.181597
0.236497 1268415.798435 1055090.715279 1469073.816453 965713.807203 1560459.659919 1574370.812348 945998.876553
0.238122 1285900.990426 1069635.207510 1489325.091912 979026.233104 1581970.695010 1596073.613554 959039.530888
0.240674 1313435.816045 1092539.162895 1521215.810560 999989.990659 1615845.221544 1630250.123993 979575.315867
0.243118 1339869.872629 1114527.479110 1551831.623165 1020115.672991 1648365.534676 1663060.348518 999290.134827
0.245136 1361752.304847 1132729.673604 1577175.763669 1036775.956594 1675286.243785 1690221.049789 1015610.300754
0.247403 1386364.595231 1153202.612444 1605681.614361 1055514.629417 1705565.341798 1720770.079258 1033966.425836
0.250068 1415365.022016 1177325.680824 1639269.786085 1077594.228706 1741242.913911 1756765.709029 1055595.272774
0.251833 1434598.549153 1193324.469179 1661545.975920 1092237.757067 1764904.826079 1780638.561906 1069939.855273
0.254614 1464941.095662 1218563.936504 1696688.585035 1115339.184962 1802233.531591 1818300.044563 1092569.670311
0.256668 1487380.487435 1237229.419814 1722677.793741 1132423.512110 1829839.436293 1846152.049795 1109305.222985
0.258421 1506537.845481 1253164.849370 1744865.764856 1147009.048807 1853407.641971 1869930.360809 1123592.997713
0.261731 1542733.443876 1283272.988868 1786787.353928 1174566.722855 1897937.023608 1914856.712026 1150588.085176
0.263748 1564812.138974 1301638.438299 1812358.805268 1191376.432043 1925099.183750 1942261.016812 1167054.626183
0.267276 1603414.147721 1333748.272527 1857067.488638 1220766.236931 1972589.034882 1990174.229455 1195844.441756
0.269608 1628934.343548 1354976.423187 1886624.871576 1240196.147456 2003985.077213 2021850.160553 1214877.693006
0.271256 1646956.561915 1369967.623464 1907498.128714 1253917.440691 2026156.785244 2044219.524453 1228318.867698
0.273388 1670278.300796 1389367.058718 1934509.268110 1271673.546593 2054848.191301 2073166.708043 1245712.484844
0.277514 1715342.004687 1426851.845355 1986701.859483 1305982.990787 2110287.497667 2129100.243553 1279321.505883
0.280118 1743752.288268 1450484.022171 2019606.529843 1327613.282017 2145239.050233 2164363.381473 1300510.217331
0.284342 1789739.188996 1488736.740280 2072868.363890 1362625.606081 2201814.113047 2221442.798448 1334807.769032
0.287265 1821496.641150 1515153.151169 2109649.710744 1386804.278458 2240883.496328 2260860.476632 1358492.836734
0.289629 1847119.935819 1536467.061271 2139326.502326 1406312.683729 2272406.375289 2292664.375080 1377602.980269
0.293164 1885348.841986 1568266.542168 2183603.059864 1435418.425367 2319437.219582 2340114.488940 1406114.531710
0.295179 1907081.584172 1586344.221842 2208773.830004 1451964.741822 2346173.773575 2367089.393392 1422323.057114
0.297420 1931205.606534 1606411.010699 2236714.170737 1470331.669693 2375852.183271 2397032.379541 1440315.026373
0.300605 1965389.965612 1634846.165729 2276306.350933 1496358.078063 2417907.251813 2439462.359709 1465810.108761
0.303135 1992450.504031 1657355.600625 2307647.752151 1516960.735025 2451198.289838 2473050.179969 1485992.164973
0.305934 2022290.369182 1682176.928698 2342208.157842 1539679.444313 2487908.575127 2510087.729324 1508247.074556
0.308479 2049334.283913 1704672.535716 2373530.305576 1560269.444760 2521179.161978 2543654.916092 1528416.732633
0.312242 2089139.800402 1737783.468989 2419632.886525 1590575.545428 2570149.620087 2593061.934995 1558104.137919
0.315906 2127680.642068 1769842.423357 2464270.726439 1619918.780497 2617564.220846 2640899.226423 1586848.334390
0.319312 2163317.931445 1799486.151530 2505545.684365 1647051.383579 2661406.746720 2685132.598710 1613427.028660
0.322091 2192252.326106 1823554.293221 2539057.377963 1669080.709028 2697003.083276 2721046.268726 1635006.628092
0.324856 2220896.617354 1847381.121757 2572233.075014 1690889.162999 2732242.522137 2756599.859384 1656369.865111
0.326587 2238750.526541 1862232.319477 2592911.397170 1704482.313317 2754207.168976 2778760.316187 1669685.512909
0.330939 2283412.470342 1899382.914959 2644638.671705 1738485.875744 2809152.212802 2834195.182916 1702994.896718
0.331983 2294072.972801 1908250.509622 2656985.620593 1746602.295003 2822267.221352 2847427.108863 1710945.620260
0.334030 2314908.893516 1925582.197321 2681117.695897 1762465.812586 2847900.467006 2873288.869228 1726485.286048
0.337596 2351000.361157 1955603.719014 2722918.681168 1789944.206237 2892301.742511 2918085.972275 1753402.711615
0.340739 2382600.387031 1981889.179936 2759517.697571 1814003.021440 2931177.453213 2957308.251332 1776970.369013
0.343397 2409159.246896 2003981.309730 2790278.056808 1834223.723285 2963851.304709 2990273.382981 1796778.267674
0.346115 2436155.346391 2026437.143189 2821544.825136 1854777.319396 2997063.067199 3023781.220981 1816912.264605
0.348612 2460813.072012 2046947.875864 2850103.298728 1873550.584532 3027398.061594 3054386.645137 1835302.275802
0.352744 2501314.619251 2080637.779837 2897012.019551 1904386.611197 3077224.806665 3104657.584609 1865508.788710
0.355809 2531101.039001 2105414.651079 2931510.525005 1927064.629600 3113869.341123 3141628.796980 1887723.838108
0.358776 2559735.132676 2129232.997093 2964674.411269 1948865.319604 3149096.234491 3177169.730304 1909079.469661
0.362522 2595589.374535 2159057.190181 3006200.642643 1976163.100389 3193205.664638 3221672.386256 1935819.969551
0.367419 2641942.442084 2197614.492334 3059886.569555 2011454.207134 3250231.201622 3279206.293279 1970390.612616
0.370303 2668976.131895 2220101.594083 3091196.874829 2032036.422794 3283489.209335 3312760.788769 1990552.644831
0.375244 2714812.722688 2258229.281727 3144284.620545 2066934.307745 3339879.354404 3369653.639497 2024738.093679
0.379273 2751741.071758 2288946.936208 3187054.878350 2095049.864661 3385310.197430 3415489.488432 2052279.674899
0.384205 2796389.019177 2326085.889252 3238765.942335 2129042.770882 3440238.022306 3470906.982707 2085578.620049
0.389121 2840273.543816 2362589.813713 3289592.813282 2162454.441896 3494226.651648 3525376.908728 2118308.195837
0.393853 2881932.767290 2397242.693271 3337842.349826 2194171.870326 3545477.619805 3577084.767921 2149378.116800
0.398175 2919483.313555 2428477.902393 3381333.233793 2222761.139745 3591673.916576 3623692.894452 2177383.739738
0.400736 2941499.330535 2446791.215056 3406832.091602 2239523.128678 3618758.967402 3651019.402510 2193803.534694
0.403462 2964756.339955 2466136.807199 3433768.261611 2257229.952529 3647370.740494 3679886.243225 2211148.875876
0.407124 2995683.728876 2491862.756796 3469588.232737 2280776.652703 3685418.944291 3718273.638336 2234214.873012
0.411451 3031784.890920 2521892.342465 3511400.446025 2308262.427229 3729832.146267 3763082.774176 2261139.528774
0.417044 3077727.910605 2560108.559545 3564611.457233 2343241.342273 3786353.224734 3820107.725546 2295404.353495
0.420695 3107282.529786 2584692.614971 3598841.492248 2365742.878319 3822712.588165 3856791.224652 2317446.523402
0.426727 3155342.273463 2624669.560540 3654504.084238 2402333.370252 3881837.751512 3916443.475742 2353290.024864
0.430053 3181448.925756 2646385.536071 3684740.698577 2422209.781923 3913955.277807 3948847.322674 2372760.661993
0.434671 3217212.325754 2676134.165291 3726161.717291 2449438.399867 3957952.950390 3993237.224768 2399433.410994
0.439341 3252822.967828 2705755.727766 3767405.812424 2476550.714912 4001762.693606 4037437.522147 2425992.231404
0.444897 3294467.428249 2740396.327155 3815638.250462 2508256.903427 4052995.499619 4089127.057284 2457051.141913
0.450055 3332417.682344 2771964.020326 3859592.074348 2537150.492116 4099683.534152 4136231.305309 2485354.871481
0.456244 3377080.113424 2809115.021135 3911319.913247 2571154.425535 4154629.177449 4191666.776854 2518664.618709
0.462266 3419621.517490 2844501.714127 3960591.187624 2603543.505942 4206965.442106 4244469.607724 2550392.479954
0.467491 3455805.120842 2874599.875936 4002498.884087 2631092.047511 4251480.066924 4289381.070568 2577378.621377
0.472183 3487731.999607 2901157.218878 4039476.460125 2655399.713564 4290757.886108 4329009.042815 2601190.049366
0.476736 3518202.335316 2926502.983523 4074767.074153 2678598.434316 4328243.803390 4366829.138751 2623915.171037
0.483893 3565095.847290 2965509.836916 4129078.941513 2714301.010740 4385934.218345 4425033.850984 2658888.883679
0.490042 3604431.090789 2998229.588790 4174636.854273 2744249.067050 4434326.126399 4473857.162187 2688225.554040
0.498903 3659575.989582 3044100.091809 4238505.442970 2786233.872212 4502167.752247 4542303.581110 2729353.244478
0.505147 3697364.737976 3075533.441679 4282272.211636 2815004.497843 4548657.095521 4589207.366589 2757536.521265
0.514869 3754486.380515 3123048.235140 4348430.256586 2858494.305332 4618930.596530 4660107.340303 2800138.489591
0.523893 3805687.971431 3165638.624860 4407731.722768 2897476.856133 4681920.995457 4723659.284691 2838325.216328
0.532320 3851956.495396 3204125.602163 4461319.731658 2932703.595256 4738842.523287 4781088.255342 2872832.805830
0.539192 3888608.540003 3234613.421700 4503769.974801 2960608.786584 4783933.444681 4826581.152318 2900168.316050
0.553960 3964231.582660 3297518.007300 4591356.263166 3018184.714388 4876968.163715 4920445.255278 2956568.838247
0.563397 4010375.742463 3335901.536291 4644800.234009 3053316.768324 4933736.693407 4977719.863844 2990983.675549
0.572584 4053727.930946 3371962.654114 4695010.555471 3086323.142924 4987070.419919 5031529.048722 3023316.229000
0.587647 4121606.518197 3428425.264610 4773627.248318 3138002.796395 5070577.576883 5115780.653504 3073940.848592
0.602659 4185474.819516 3481552.048277 4847599.244949 3186629.201477 5149151.107644 5195054.649898 3121574.551492
0.617463 4244973.073463 3531043.749178 4916509.871186 3231928.452253 5222348.418207 5268904.498281 3165949.023538
0.629664 4291545.582205 3569783.586400 4970449.953960 3267386.631490 5279643.921182 5326710.777981 3200683.328332
0.646189 4351282.657939 3619473.943492 5039637.182581 3312867.710257 5353135.040577 5400857.054437 3245235.916374
0.669278 4428733.162592 3683898.644330 5129340.029705 3371834.984088 5448417.981944 5496989.422133 3302999.380437
0.691114 4496058.970000 3739901.442768 5207316.495274 3423093.776257 5531245.085376 5580554.910857 3353211.730558
0.715888 4566107.157050 3798168.764785 5288446.009438 3476425.263839 5617421.377311 5667499.445358 3405454.462268
0.746571 4644489.350986 3863368.461263 5379227.935153 3536101.883302 5713850.522900 5764788.235433 3463912.790757
0.780700 4722064.971759 3927897.235904 5469075.691238 3595164.414827 5809287.387498 5861075.898552 3521769.567840
0.813004 4787350.871319 3982203.202883 5544689.544160 3644870.114408 5889604.908575 5942109.432549 3570460.531572
0.842293 4840555.240267 4026459.538824 5606310.619393 3685377.488851 5955059.211160 6008147.245752 3610140.952862
0.867087 4881644.189498 4060638.054172 5653899.666719 3716660.736541 6005608.603420 6059147.274654 3640785.556831
0.908752 4943524.059262 4112110.825271 5725568.670328 3763773.240731 6081735.880175 6135953.209229 3686936.264943
0.949538 4996551.872131 4156220.298741 5786985.259057 3804146.193446 6146972.975880 6201771.879200 3726485.008708
1.001453 5054991.453614 4204831.377145 5854669.735320 3848639.419402 6218867.862051 6274307.692367 3770069.910834
1.050453 5102381.710936 4244251.432112 5909556.931044 3884720.195027 6277169.394494 6333128.970066 3805414.101786
1.130017 5166453.485435 4297547.468372 5983764.589452 3933501.515287 6355993.246711 6412655.519476 3853199.557288
1.217268 5222491.728909 4344161.071311 6048667.846183 3976166.472252 6424933.903601 6482210.767061 3894993.514314
1.286276 5258753.048525 4374323.878884 6090665.553294 4003774.183433 6469544.138310 6527218.692136 3922037.617408
1.374705 5297219.974881 4406321.349188 6135217.784809 4033061.142763 6516867.805276 6574964.239117 3950726.687003
1.498655 5339718.373120 4441672.269171 6184439.250019 4065417.480498 6569151.162314 6627713.690709 3982422.474015
1.638003 5376050.336309 4471893.839319 6226518.776218 4093078.976467 6613848.305785 6672809.299320 4009519.263887
1.848779 5415667.979182 4504848.495992 6272403.762739 4123242.038752 6662587.633693 6721983.127546 4039066.550900
2.187406 5456288.922749 4538637.715944 6319450.767883 4154168.968322 6712561.265260 6772402.262976 4069362.110942
2.667234 5488934.774462 4565793.113312 6357261.055351 4179024.027512 6752723.595881 6812922.631884 4093709.757103
3.600756 5518630.044829 4590494.164884 6391653.991975 4201632.648941 6789255.994449 6849780.708697 4115856.826258
