0.026998 1.560656 1.544249 1.577216 1.530753 1.592761 1.604170 1.519620
0.038171 4.370801 4.325020 4.417196 4.287267 4.460681 4.492601 4.256152
0.047907 8.552348 8.462872 8.643035 8.389214 8.727925 8.790360 8.328477
0.054468 12.466209 12.335912 12.598161 12.228589 12.721629 12.812596 12.140290
0.059354 16.022601 15.855261 16.191890 15.717369 16.350371 16.467144 15.604117
0.063716 19.692230 19.486557 19.899906 19.317391 20.094271 20.237759 19.178262
0.068542 24.325569 24.071797 24.581644 23.863374 24.821260 24.998477 23.691418
0.074125 30.473934 30.157155 30.793915 29.895904 31.093302 31.315262 29.680531
0.078145 35.445133 35.076793 35.816215 34.773117 36.163779 36.421902 34.522909
0.082906 41.939004 41.505094 42.378064 41.145970 42.788344 43.093701 40.850311
0.087562 48.946398 48.441837 49.458437 48.023122 49.936110 50.292416 47.679162
0.091678 55.691285 55.118730 56.272906 54.642599 56.815178 57.220504 54.252402
0.097733 66.567344 65.885069 67.260514 65.316785 67.907020 68.390546 64.852537
0.101911 74.744009 73.980770 75.521978 73.342883 76.246335 76.788079 72.823354
0.105617 82.460910 81.622068 83.318322 80.917816 84.116014 84.712496 80.346420
0.110903 94.220265 93.266848 95.197788 92.463282 96.107994 96.787517 91.811920
0.114251 102.130002 101.097592 103.185968 100.227653 104.172461 104.907584 99.523293
0.117869 111.074754 109.956026 112.219732 109.009304 113.292567 114.090333 108.245280
0.120446 117.696648 116.514358 118.908224 115.510743 120.043932 120.888285 114.702732
0.125162 130.359081 129.054370 131.696296 127.941864 132.951421 133.885690 127.050180
0.128097 138.586577 137.202630 140.005787 136.020211 141.338292 142.330904 135.074452
0.130827 146.480107 145.017869 147.976480 143.769361 149.382630 150.431142 142.771950
0.133919 155.693386 154.141379 157.280071 152.815872 158.772816 159.885580 151.758430
0.136795 164.522986 162.886058 166.197187 161.487006 167.772323 168.946083 160.372191
0.138741 170.634133 168.938297 172.368025 167.488893 174.000010 175.215860 166.333600
0.141568 179.714914 177.931196 181.535943 176.408172 183.253182 184.531392 175.192126
0.143322 185.464126 183.629083 187.340946 182.057128 189.113009 190.430600 180.802642
0.146367 195.655810 193.728430 197.633070 192.069822 199.498338 200.885517 190.747270
0.148554 203.135260 201.136798 205.185999 199.418406 207.119494 208.557569 198.045954
0.150107 208.529903 206.480131 210.630182 204.717716 212.614886 214.089573 203.309309
0.152354 216.455140 214.325822 218.627485 212.501077 220.685521 222.213843 211.039906
0.154240 223.210462 221.015781 225.447213 219.139234 227.568007 229.141943 217.633105
0.156899 232.894762 230.611698 235.225230 228.656921 237.434928 239.074054 227.086398
0.159928 244.148776 241.762701 246.590477 239.718692 248.900997 250.615581 238.073427
0.161941 251.757369 249.302028 254.275985 247.198514 256.650436 258.418653 245.502769
0.164324 260.901872 258.360948 263.507030 256.185824 265.964449 267.793570 254.429905
0.166819 270.623707 267.991957 273.319548 265.740821 275.866214 277.759451 263.921250
0.169474 281.132399 278.405548 283.928177 276.072933 286.571949 288.534218 274.184666
0.172367 292.772766 289.938250 295.677159 287.514053 298.425164 300.463515 285.549880
0.176028 307.772289 304.803699 310.815486 302.261906 313.701694 315.837562 300.200142
0.178340 317.396887 314.337700 320.526640 311.724405 323.501906 325.700017 309.600173
0.180802 327.771681 324.629029 330.992747 321.922533 334.065259 336.330312 319.733692
0.183437 339.014939 335.779643 342.344377 332.967338 345.513551 347.851256 330.718168
0.186493 352.228093 348.865453 355.671464 345.953376 358.960737 361.385356 343.624623
0.188601 361.444101 357.997424 364.969446 355.021663 368.342709 370.828030 352.631034
0.190522 369.916829 366.399138 373.515873 363.351581 376.961976 379.504797 360.908115
0.192687 379.550065 375.949241 383.230046 372.813892 386.761869 389.370036 370.320306
0.194626 388.245795 384.570757 392.004632 381.353432 395.605369 398.272478 378.815182
0.197170 399.749976 395.977509 403.614399 392.670173 407.310726 410.055809 390.060905
0.199307 409.485959 405.632670 413.443097 402.258253 417.222903 420.033979 399.585476
0.201250 418.412402 414.483246 422.441664 411.042317 426.300841 429.174045 408.311372
0.203862 430.503781 426.473990 434.636339 422.936408 438.592944 441.548080 420.126724
0.206118 441.020225 436.903295 445.254024 433.280457 449.292466 452.316831 430.411172
0.208525 452.325017 448.110730 456.650212 444.407285 460.792641 463.887524 441.463474
0.211154 464.767990 460.445913 469.195958 456.654966 473.447729 476.618429 453.626383
0.213164 474.337987 469.929992 478.837653 466.075286 483.179830 486.408512 462.981372
0.215418 485.123588 480.631265 489.716113 476.693798 494.150732 497.444441 473.528612
0.217837 496.772570 492.175705 501.462208 488.159122 505.996017 509.359531 484.918199
0.221243 513.275418 508.549469 518.107864 504.410468 522.782434 526.244157 501.061920
0.222741 520.568507 515.788311 525.467134 511.593187 530.200948 533.705805 508.197563
0.224747 530.370752 525.512905 535.355313 521.249310 540.170174 543.735035 517.789982
0.226287 537.920918 532.998462 542.967455 528.685136 547.842727 551.457070 525.176767
0.228451 548.566046 543.556061 553.703582 539.167591 558.663668 562.347738 535.596215
0.231401 563.136165 558.006496 568.408151 553.507623 573.473860 577.253247 549.859826
0.234232 577.186839 571.947238 582.579799 567.344526 587.767387 591.619392 563.610638
0.236497 588.471091 583.136083 593.952000 578.465150 599.233802 603.153445 574.653046
0.238122 596.580388 591.186413 602.133103 586.450810 607.475280 611.446410 582.593836
0.240674 609.356101 603.852088 615.005111 599.035255 620.452492 624.504552 595.099685
0.243118 621.619542 616.030779 627.358302 611.121542 632.909679 637.039262 607.106835
0.245136 631.769415 626.096704 637.583668 621.131427 643.225069 647.414603 617.047430
0.247403 643.175247 637.413750 649.089454 632.391228 654.840068 659.083144 628.229138
0.250068 656.635691 650.784455 662.650099 645.656881 668.525417 672.830523 641.405821
0.251833 665.550026 659.633384 671.646972 654.444257 677.601456 681.947066 650.145628
0.254614 679.620097 673.588958 685.832275 668.307871 691.912361 696.327683 663.934778
0.256668 690.032119 683.914795 696.324364 678.561115 702.501900 706.961461 674.133415
0.258421 698.928740 692.737352 705.291018 687.315109 711.532055 716.039109 682.841101
0.261731 715.725183 709.399942 722.205372 703.855806 728.592145 733.188218 699.295091
0.263748 725.973302 719.565283 732.528714 713.946022 738.997645 743.647555 709.332925
0.267276 743.878121 737.333473 750.582615 731.591435 757.188858 761.932051 726.885069
0.269608 755.718141 749.070144 762.494007 743.276314 769.215718 774.018415 738.490503
0.271256 764.081848 757.363769 770.920451 751.501488 777.712877 782.552912 746.686931
0.273388 774.898217 768.109484 781.836463 762.152393 788.705941 793.596001 757.294469
0.277514 795.807757 788.874124 802.904904 782.754180 809.932356 814.930858 777.793938
0.280118 808.981962 801.947409 816.198427 795.755112 823.311757 828.379117 790.719771
0.284342 830.312176 823.146860 837.679803 816.802103 844.965654 850.143712 811.645756
0.287265 845.043329 837.785869 852.498904 831.338661 859.922764 865.171117 826.099156
0.289629 856.924075 849.590293 864.473712 843.068596 871.986796 877.294257 837.762239
0.293164 874.657149 867.207726 882.315760 860.571203 889.984002 895.378763 855.165514
0.295179 884.732395 877.229135 892.477380 870.522345 900.213247 905.658155 865.060408
0.297420 895.935331 888.337267 903.749061 881.569355 911.562405 917.067347 876.045169
0.300605 911.785314 904.084152 919.718452 897.224942 927.658137 933.232189 891.612892
0.303135 924.334279 916.559917 932.335389 909.622299 940.392884 946.026464 903.938100
0.305934 938.176071 930.306200 946.285587 923.297969 954.434262 960.132836 917.530966
0.308479 950.728058 942.771794 958.925827 935.694731 967.158773 972.924630 929.851814
0.312242 969.183881 961.117206 977.509661 953.948753 985.852641 991.743915 947.989496
0.315906 987.064482 978.850325 995.494414 971.626161 1003.958482 1009.951877 965.554153
0.319312 1003.595442 995.278605 1012.135783 987.974764 1020.722445 1026.784802 981.798408
0.322091 1017.019742 1008.613413 1025.643959 1001.235914 1034.339304 1040.449320 994.988984
0.324856 1030.305827 1021.783908 1039.025062 1014.362532 1047.795596 1053.974727 1008.031716
0.326587 1038.587842 1030.013263 1047.352609 1022.546451 1056.181966 1062.404007 1016.161849
0.330939 1059.297445 1050.620817 1068.206305 1043.015835 1077.157596 1083.486404 1036.501705
0.331983 1064.235016 1055.541897 1073.181703 1047.902570 1082.163685 1088.517855 1041.357148
0.334030 1073.899989 1065.129281 1082.905268 1057.454220 1091.947340 1098.350942 1050.847611
0.337596 1090.637217 1081.776144 1099.733691 1074.001058 1108.892039 1115.383056 1067.288377
0.340739 1105.274181 1096.355934 1114.477832 1088.490500 1123.725609 1130.293390 1081.684857
0.343397 1117.588541 1108.612969 1126.860587 1100.669743 1136.191001 1142.823029 1093.785902
0.346115 1130.102161 1121.057992 1139.447646 1113.050730 1148.859935 1155.557010 1106.087341
0.348612 1141.563494 1132.418114 1150.955408 1124.368201 1160.426708 1167.186267 1117.324286
0.352744 1160.351648 1151.067656 1169.830192 1142.943255 1179.431308 1186.290089 1135.783715
0.355809 1174.175413 1164.795101 1183.739751 1156.614146 1193.400354 1200.369343 1149.361254
0.358776 1187.458744 1178.013858 1197.087136 1169.759978 1206.822593 1213.907204 1162.414945
0.362522 1204.069398 1194.563274 1213.799862 1186.222987 1223.626183 1230.857023 1178.762133
0.367419 1225.576053 1215.936283 1235.444255 1207.502986 1245.361925 1252.767336 1199.899409
0.370303 1238.088607 1228.408558 1248.066859 1219.908533 1258.047132 1265.544255 1212.228681
0.375244 1259.333175 1249.565481 1269.421860 1240.967772 1279.545756 1287.205500 1233.136390
0.379273 1276.449108 1266.616666 1286.691331 1257.896850 1296.890986 1304.635965 1249.983503
0.384205 1297.162449 1287.211881 1307.512748 1278.395039 1317.859375 1325.682005 1270.355739
0.389121 1317.489090 1307.469815 1327.984012 1298.546380 1338.421335 1346.363150 1290.383282
0.393853 1336.816234 1326.670987 1347.417677 1317.663760 1357.982706 1365.990887 1309.398669
0.398175 1354.216646 1343.975046 1364.910906 1334.907003 1375.592233 1383.678821 1326.541537
0.400736 1364.417790 1354.136797 1375.159778 1345.028098 1385.923103 1394.047527 1336.593753
0.403462 1375.200632 1364.870591 1385.994908 1355.694603 1396.835344 1404.999237 1347.246554
0.407124 1389.567860 1379.128652 1400.435668 1369.877762 1411.345005 1419.560576 1361.361011
0.411451 1406.306712 1395.785277 1417.285526 1386.478768 1428.279699 1436.554412 1377.827139
0.417044 1427.613591 1416.986097 1438.683735 1407.590588 1449.827528 1458.175638 1398.815759
0.420695 1441.319939 1430.637488 1452.480766 1421.172466 1463.686842 1472.081038 1412.319859
0.426727 1463.622476 1452.818563 1474.922226 1443.298389 1486.220243 1494.687463 1434.283347
0.430053 1475.711179 1464.869565 1487.082912 1455.249244 1498.458719 1506.964593 1446.216311
0.434671 1492.306327 1481.373328 1503.761582 1471.683746 1515.221890 1523.779535 1462.565703
0.439341 1508.847666 1497.828861 1520.319046 1488.062457 1531.892924 1540.518626 1478.848144
0.444897 1528.203699 1517.076758 1539.710870 1507.204043 1551.375800 1560.088761 1497.893180
0.450055 1545.813370 1534.579620 1557.390037 1524.658657 1569.099751 1577.917875 1515.252327
0.456244 1566.537756 1555.211285 1578.172025 1545.158970 1589.995271 1598.904257 1535.686194
0.462266 1586.294870 1574.855114 1597.946298 1564.633776 1609.876547 1618.895912 1555.154225
0.467491 1603.065998 1591.564145 1614.802435 1581.220373 1626.802062 1635.895272 1571.716354
0.472183 1617.840667 1606.291201 1629.687574 1595.900873 1641.733421 1650.891239 1586.332872
0.476736 1631.980595 1620.349981 1643.886751 1609.913330 1655.953805 1665.199908 1600.285057
0.483893 1653.678382 1642.004733 1665.722278 1631.478832 1677.881338 1687.214619 1621.762172
0.490042 1671.952066 1660.164161 1684.069590 1649.607051 1696.320402 1705.675099 1639.782261
0.498903 1697.541527 1685.627141 1709.796891 1674.914255 1722.111705 1731.545875 1665.052338
0.505147 1715.119467 1703.095667 1727.402584 1692.359369 1739.734412 1749.267665 1682.374062
0.514869 1741.621831 1729.457713 1754.037309 1718.765334 1766.358471 1776.045644 1708.565755
0.523893 1765.349990 1753.063763 1777.811440 1742.237847 1790.330450 1800.037417 1732.051503
0.532320 1786.766499 1774.454875 1799.323795 1763.711894 1812.022916 1821.708445 1753.281685
0.539192 1803.766645 1791.398595 1816.368295 1780.600353 1829.111574 1838.868929 1770.078306
0.553960 1838.802419 1826.292324 1851.537028 1815.376869 1864.351301 1874.256968 1804.711595
0.563397 1860.198680 1847.633596 1873.010604 1836.562374 1885.847814 1895.825055 1825.989191
0.572584 1880.327827 1867.669893 1893.142028 1856.551362 1906.033100 1916.023954 1845.949562
0.587647 1911.767235 1899.104486 1924.690285 1887.950349 1937.725847 1947.826051 1877.158112
0.602659 1941.370982 1928.536496 1954.355020 1917.502791 1967.446632 1977.630876 1906.539810
0.617463 1968.918556 1956.026886 1982.017906 1944.891880 1995.272777 2005.386716 1933.926728
0.629664 1990.502854 1977.487021 2003.667917 1966.205918 2016.964445 2027.098357 1955.374976
0.646189 2018.116107 2005.191622 2031.457317 1993.662469 2044.735941 2055.026100 1982.897418
0.669278 2053.915548 2041.020144 2067.552452 2029.450591 2080.838404 2091.423962 2018.343666
0.691114 2085.135135 2072.093556 2098.843902 2060.649007 2112.177518 2123.052940 2049.164592
0.715888 2117.615606 2104.538484 2131.399942 2092.890198 2144.728541 2155.715533 2081.240633
0.746571 2153.922082 2140.632068 2167.759177 2129.083408 2181.210712 2192.189711 2117.144418
0.780700 2189.935598 2176.447478 2203.732509 2164.773827 2217.226285 2228.418406 2152.939738
0.813004 2220.152493 2206.559748 2234.069687 2194.986926 2247.581868 2259.133623 2182.745476
0.842293 2244.844209 2231.074003 2258.761017 2219.549762 2272.163147 2284.158591 2207.091260
0.867087 2263.891212 2250.050241 2277.924254 2238.577775 2291.299604 2303.461515 2225.986172
0.908752 2292.615269 2278.551814 2306.706923 2267.079350 2320.150430 2332.287664 2254.457367
0.949538 2317.171153 2303.026241 2331.304278 2291.472274 2344.870420 2356.968170 2278.871812
1.001453 2344.228608 2330.114062 2358.484916 2318.346348 2372.122396 2383.914512 2305.796904
1.050453 2366.161245 2351.823371 2380.602445 2340.001081 2394.171172 2405.676993 2327.647332
1.130017 2395.854708 2381.311679 2410.377999 2369.116436 2423.898698 2435.488191 2357.214850
1.217268 2421.759373 2407.227117 2436.543989 2394.637515 2449.750572 2461.676735 2383.102332
1.286276 2438.451900 2423.820645 2453.491352 2411.296711 2466.576948 2478.613196 2399.493689
1.374705 2456.268310 2441.618694 2471.472144 2428.896901 2484.490274 2496.570633 2417.219761
1.498655 2476.008251 2461.218992 2491.306108 2448.027107 2504.460713 2516.397926 2437.010953
1.638003 2492.899276 2477.984130 2508.228656 2464.450417 2521.560315 2533.337073 2453.758293
1.848779 2511.190283 2496.136559 2526.702110 2482.267662 2540.202933 2551.794837 2471.656214
2.187406 2529.908045 2514.875991 2545.762751 2500.436922 2559.425974 2570.703739 2490.150243
2.667234 2544.962437 2529.727716 2561.071073 2515.181228 2574.828214 2585.886612 2504.927787
3.600756 2558.631625 2543.307546 2575.125209 2528.632205 2588.762120 2599.685176 2518.446637
