0.026998 6941.130238 1792.192121
0.038171 5931.344922 1531.466673
0.047907 5422.205744 1400.007503
0.054468 7076.702735 1827.196789
0.059354 8717.757342 2250.915267
0.063716 9097.480256 2348.959302
0.068542 7642.987451 1973.410874
0.074125 6107.763888 1577.017855
0.078145 8045.697989 2077.390288
0.082906 6403.573681 1653.395615
0.087562 6197.054973 1600.072714
0.091678 6695.172851 1728.686197
0.097733 4269.514903 1102.384008
0.101911 5931.743889 1531.569686
0.105617 6450.618453 1665.542523
0.110903 4307.020737 1112.067972
0.114251 6598.931377 1703.836755
0.117869 5919.120098 1528.310238
0.120446 8132.802309 2099.880527
0.125162 4274.784003 1103.744483
0.128097 6711.370285 1732.868356
0.130827 7062.945493 1823.644685
0.133919 6091.043661 1572.700711
0.136795 6408.044804 1654.550054
0.138741 9342.369695 2412.189483
0.141568 6298.704729 1626.318568
0.143322 10026.784284 2588.904570
0.146367 5654.875476 1460.082570
0.148554 7758.785283 2003.309746
0.150107 10809.525760 2791.007550
0.152354 7359.780160 1900.287066
0.154240 8658.958760 2235.733538
0.156899 6036.971638 1558.739374
0.159928 5199.584026 1342.526823
0.161941 7725.496850 1994.714709
0.164324 6428.078764 1659.722800
0.166819 6047.977236 1561.581008
0.169474 5592.359786 1443.941088
0.172367 5046.445309 1302.986576
0.176028 3903.578016 1007.899510
0.178340 6100.508231 1575.144452
0.180802 5649.230329 1458.624999
0.183437 5200.278648 1342.706173
0.186493 4410.757816 1138.852771
0.188601 6321.224048 1632.133031
0.190522 6866.906501 1773.027634
0.192687 6020.362273 1554.450855
0.194626 6657.027876 1718.837207
0.197170 5005.441026 1292.399316
0.199307 5895.434364 1522.194607
0.201250 6417.627133 1657.024200
0.203862 4713.502337 1217.021070
0.206118 5396.767538 1393.439387
0.208525 4998.028154 1290.485320
0.211154 4516.575362 1166.174744
0.213164 5852.292719 1511.055483
0.215418 5163.948092 1333.325664
0.217837 4755.003640 1227.736660
0.221243 3324.281154 858.325703
0.222741 7507.851052 1938.518806
0.224747 5553.765055 1433.975971
0.226287 7186.170679 1855.461291
0.228451 5062.462170 1307.122112
0.231401 3665.889371 946.528565
0.234232 3772.466123 974.046565
0.236497 4668.459646 1205.391097
0.238122 6462.650689 1668.649233
0.240674 4069.469396 1050.732480
0.243118 4206.243204 1086.047325
0.245136 5048.454688 1303.505395
0.247403 4454.462381 1150.137241
0.250068 3745.809275 967.163796
0.251833 5614.770374 1449.727477
0.254614 3523.658247 909.804647
0.256668 4729.910593 1221.257664
0.258421 5504.889248 1421.356292
0.261731 2877.718486 743.023718
0.263748 4681.809904 1208.838119
0.267276 2641.655842 682.072606
0.269608 3958.967547 1022.201025
0.271256 5568.554057 1437.794475
0.273388 4266.587830 1101.628241
0.277514 2171.943268 560.793340
0.280118 3406.436314 879.538074
0.284342 2068.369593 534.050733
0.287265 2955.655715 763.147024
0.289629 3624.413333 935.819499
0.293164 2392.936592 617.853571
0.295179 4167.489361 1076.041126
0.297420 3716.527712 959.603329
0.300605 2586.095069 667.726876
0.303135 3227.153806 833.247530
0.305934 2888.961828 745.926736
0.308479 3148.603709 812.965982
0.312242 2102.861670 542.956548
0.315906 2133.082089 550.759427
0.319312 2268.068432 585.612751
0.322091 2753.464277 710.941419
0.324856 2742.962354 708.229834
0.326587 4357.830010 1125.186870
0.330939 1708.324007 441.087362
0.331983 7094.029519 1831.670546
0.334030 3595.147644 928.263130
0.337596 2040.613725 526.884198
0.340739 2291.858928 591.755431
0.343397 2687.003182 693.781238
0.346115 2605.575977 672.756825
0.348612 2813.994315 726.570208
0.352744 1679.004867 433.517193
0.355809 2242.100606 578.907887
0.358776 2294.458900 592.426741
0.362522 1797.062074 463.999432
0.367419 1355.335702 349.946174
0.370303 2279.770361 588.634176
0.375244 1311.629006 338.661153
0.379273 1588.936909 410.261746
0.384205 1280.082629 330.515914
0.389121 1265.510508 326.753408
0.393853 1297.042190 334.894853
0.398175 1402.658743 362.164930
0.400736 2349.661552 606.680004
0.403462 2189.790012 565.401350
0.407124 1613.964628 416.723875
0.411451 1349.523241 348.445403
0.417044 1027.997908 265.427919
0.420695 1558.356305 402.365868
0.426727 928.228531 239.667576
0.430053 1770.776940 457.212640
0.434671 1260.339720 325.418316
0.439341 1230.550357 317.726736
0.444897 1018.936912 263.088379
0.450055 1082.569567 279.518260
0.456244 887.372844 229.118683
0.462266 897.855229 231.825223
0.467491 1020.141874 263.399499
0.472183 1122.475631 289.821962
0.476736 1142.792382 295.067724
0.483893 714.177773 184.399908
0.490042 817.413452 211.055246
0.498903 554.791812 143.246630
0.505147 774.652763 200.014483
0.514869 485.875363 125.452479
0.523893 511.397640 132.042303
0.532320 536.456825 138.512557
0.539192 645.685846 166.715369
0.553960 306.923909 79.247413
0.563397 468.950975 121.082621
0.572584 470.541043 121.493175
0.587647 276.862444 71.485576
0.602659 267.252122 69.004201
0.617463 261.373716 67.486403
0.629664 324.104900 83.683525
0.646189 230.302405 59.463825
0.669278 155.704038 40.202610
0.691114 164.142023 42.381288
0.715888 136.486237 35.240595
0.746571 106.907028 27.603276
0.780700 91.973218 23.747383
0.813004 93.409942 24.118343
0.842293 98.920732 25.541223
0.867087 113.048053 29.188882
0.908752 63.517944 16.400263
0.949538 61.787416 15.953442
1.001453 46.784615 12.079736
1.050453 46.763098 12.074180
1.130017 26.721996 6.899590
1.217268 22.617519 5.839818
1.286276 27.334639 7.057773
1.374705 19.892397 5.136195
1.498655 12.982011 3.351941
1.638003 10.521516 2.716644
1.848779 6.148304 1.587485
2.187406 3.228974 0.833717
2.667234 1.867546 0.482198
3.600756 0.710296 0.183398
