0.026998 14.702635 7.200679 36.116477 4.079663 91.410574 258.211150 2.703598
0.038171 12.777917 6.792793 27.176583 3.977907 60.959589 148.147017 2.706327
0.047907 11.750618 6.536793 22.874974 3.939300 46.886791 103.042573 2.623132
0.054468 11.245506 6.419031 20.899472 3.916020 40.963372 82.586325 2.628451
0.059354 10.921451 6.312387 19.659012 3.893940 37.526931 71.309515 2.635379
0.063716 10.654852 6.243936 18.742359 3.900339 34.857136 64.570399 2.643550
0.068542 10.366350 6.176107 17.800450 3.888038 32.357958 58.355629 2.654665
0.074125 10.139284 6.129588 16.946947 3.878330 30.180025 52.421382 2.670126
0.078145 9.950914 6.093272 16.422729 3.873117 28.644691 48.754075 2.680898
0.082906 9.739364 6.038322 15.851643 3.855580 27.156317 44.962257 2.687576
0.087562 9.529855 5.964398 15.286310 3.851966 25.680058 41.517254 2.697121
0.091678 9.344053 5.912826 14.796524 3.832998 24.485176 38.908276 2.704017
0.097733 9.079910 5.839675 14.118351 3.802827 22.960740 35.576113 2.709922
0.101911 8.913633 5.798632 13.736573 3.807920 22.131525 33.590681 2.715429
0.105617 8.772085 5.756426 13.443144 3.805836 21.285081 31.963345 2.720792
0.110903 8.596340 5.707395 12.953087 3.819872 20.210646 29.870504 2.729485
0.114251 8.492837 5.681983 12.698548 3.808288 19.687201 28.668043 2.735739
0.117869 8.382073 5.652735 12.438228 3.809673 19.216122 27.464675 2.743220
0.120446 8.298628 5.631214 12.258673 3.806939 18.822624 26.663310 2.749033
0.125162 8.178204 5.572121 11.954377 3.817430 18.130384 25.305073 2.760771
0.128097 8.105210 5.555352 11.749555 3.823936 17.771304 24.524752 2.768814
0.130827 8.029817 5.538149 11.605664 3.817035 17.353564 23.839623 2.774899
0.133919 7.966577 5.525288 11.434140 3.828808 16.977566 23.119914 2.776490
0.136795 7.900161 5.509225 11.282004 3.847056 16.620570 22.496510 2.778579
0.138741 7.858587 5.494453 11.181441 3.860579 16.461653 22.094509 2.780328
0.141568 7.803871 5.495927 11.031732 3.871996 16.135046 21.621284 2.783357
0.143322 7.770858 5.489224 10.952653 3.886292 15.955486 21.355399 2.790042
0.146367 7.712344 5.486404 10.814429 3.906352 15.707377 20.848999 2.802696
0.148554 7.672103 5.479185 10.725079 3.910862 15.508719 20.483126 2.806072
0.150107 7.651346 5.472969 10.667898 3.920913 15.362229 20.287593 2.808679
0.152354 7.618774 5.464638 10.570082 3.934707 15.198658 20.010382 2.812740
0.154240 7.588316 5.453586 10.499832 3.942000 15.033008 19.782784 2.816415
0.156899 7.535531 5.456732 10.415959 3.947812 14.751214 19.427491 2.822007
0.159928 7.480692 5.444883 10.305669 3.947729 14.482467 19.000327 2.828965
0.161941 7.447587 5.439898 10.257946 3.953017 14.325331 18.728572 2.833936
0.164324 7.409093 5.428795 10.167906 3.966078 14.135646 18.418637 2.840183
0.166819 7.371489 5.421921 10.087132 3.961669 13.952460 18.107375 2.835393
0.169474 7.333883 5.415269 10.014180 3.966394 13.771939 17.790126 2.843392
0.172367 7.294647 5.412332 9.937378 3.963871 13.582843 17.460126 2.852651
0.176028 7.237017 5.401159 9.826632 3.969370 13.395225 17.107326 2.865178
0.178340 7.209700 5.397753 9.766759 3.979571 13.224159 16.906026 2.873554
0.180802 7.177876 5.395749 9.698000 3.975497 13.062016 16.696947 2.882870
0.183437 7.150971 5.390533 9.631247 3.982637 12.906744 16.479118 2.893291
0.186493 7.114876 5.383853 9.546924 3.986005 12.734838 16.244194 2.905955
0.188601 7.090912 5.380267 9.489065 3.987489 12.648990 16.114416 2.915053
0.190522 7.069278 5.373426 9.437825 3.998399 12.553500 15.998656 2.923599
0.192687 7.047621 5.372237 9.380506 4.002047 12.453771 15.870944 2.933527
0.194626 7.030586 5.364794 9.335324 4.010052 12.386326 15.759124 2.942677
0.197170 7.009463 5.361005 9.281808 4.021239 12.293379 15.567534 2.955061
0.199307 6.994634 5.356727 9.235565 4.024453 12.216139 15.458744 2.965788
0.201250 6.978378 5.355413 9.195244 4.028376 12.130415 15.351950 2.975805
0.203862 6.956144 5.353190 9.152393 4.032828 12.022839 15.124563 2.989652
0.206118 6.937859 5.352129 9.125823 4.044217 11.959351 14.935024 3.001969
0.208525 6.917336 5.349849 9.096185 4.059581 11.866677 14.739483 3.015474
0.211154 6.904521 5.347711 9.054818 4.076167 11.785726 14.536281 3.030656
0.213164 6.891918 5.342466 9.023183 4.083690 11.696337 14.417884 3.042560
0.215418 6.876997 5.341776 8.995386 4.098444 11.617256 14.288377 3.056215
0.217837 6.864561 5.338013 8.972193 4.107087 11.576316 14.153055 3.071237
0.221243 6.850224 5.336076 8.930906 4.118066 11.493641 13.968881 3.093022
0.222741 6.845089 5.335214 8.918688 4.122187 11.433313 13.890194 3.102835
0.224747 6.833680 5.329544 8.885808 4.132917 11.375475 13.786925 3.116202
0.226287 6.824913 5.331413 8.869766 4.136778 11.334247 13.709301 3.126633
0.228451 6.811894 5.331572 8.839455 4.149260 11.271960 13.602519 3.141551
0.231401 6.799710 5.335599 8.809009 4.166828 11.225400 13.496467 3.162362
0.234232 6.787183 5.340332 8.777926 4.184289 11.147061 13.411512 3.182849
0.236497 6.782752 5.343754 8.748415 4.198681 11.086907 13.345721 3.199605
0.238122 6.775128 5.342340 8.726506 4.209603 11.041754 13.299702 3.211822
0.240674 6.769025 5.346146 8.698934 4.220732 10.999497 13.229351 3.231349
0.243118 6.766280 5.354029 8.678342 4.237805 10.956830 13.164172 3.250428
0.245136 6.762483 5.358771 8.666055 4.249443 10.913562 13.111906 3.266470
0.247403 6.757520 5.361300 8.637851 4.261116 10.886955 13.054893 3.284785
0.250068 6.758031 5.368153 8.623461 4.275902 10.832697 12.990046 3.306737
0.251833 6.758488 5.371140 8.613306 4.293124 10.804837 12.948388 3.321520
0.254614 6.761402 5.378314 8.597216 4.312868 10.750587 12.858490 3.345206
0.256668 6.760077 5.386827 8.580522 4.323417 10.718578 12.808107 3.363015
0.258421 6.757741 5.393094 8.571596 4.333069 10.693899 12.771790 3.378417
0.261731 6.753023 5.407449 8.565334 4.348369 10.661210 12.705646 3.408020
0.263748 6.753922 5.416409 8.558955 4.358847 10.643325 12.666843 3.426405
0.267276 6.755257 5.425817 8.549116 4.379988 10.588548 12.601715 3.459156
0.269608 6.757734 5.437120 8.554946 4.395025 10.549642 12.560500 3.481237
0.271256 6.758109 5.440105 8.552764 4.411149 10.541600 12.532253 3.497040
0.273388 6.762900 5.450793 8.557648 4.433973 10.504430 12.496733 3.517751
0.277514 6.771059 5.475997 8.563512 4.473131 10.474460 12.431311 3.558615
0.280118 6.775500 5.490391 8.562076 4.492566 10.457152 12.382614 3.584962
0.284342 6.783063 5.513661 8.553463 4.523813 10.405667 12.287491 3.628591
0.287265 6.793675 5.528203 8.554158 4.546974 10.401392 12.225146 3.659445
0.289629 6.801540 5.544235 8.559139 4.572993 10.379980 12.176757 3.685228
0.293164 6.823103 5.568067 8.564230 4.610259 10.356628 12.107628 3.730673
0.295179 6.833802 5.577378 8.567161 4.629371 10.361622 12.069916 3.753311
0.297420 6.841682 5.588693 8.571006 4.643261 10.344353 12.029363 3.778389
0.300605 6.857609 5.606605 8.580504 4.662553 10.331686 11.974171 3.814367
0.303135 6.870341 5.623089 8.587526 4.686144 10.320394 11.932295 3.842954
0.305934 6.883536 5.640100 8.599273 4.713074 10.317689 11.887923 3.874598
0.308479 6.899480 5.655872 8.606798 4.735280 10.308738 11.849302 3.903406
0.312242 6.911662 5.677165 8.616483 4.771872 10.283252 11.795134 3.946066
0.315906 6.933775 5.696753 8.630606 4.811413 10.298500 11.745636 3.983765
0.319312 6.951359 5.718010 8.641744 4.846453 10.289631 11.702371 4.026545
0.322091 6.968675 5.730305 8.652732 4.869974 10.291688 11.668966 4.058341
0.324856 6.986490 5.743476 8.669536 4.888539 10.291324 11.637382 4.090069
0.326587 6.989415 5.753910 8.681549 4.905974 10.290207 11.618430 4.109979
0.330939 7.007194 5.783840 8.703801 4.950352 10.301126 11.580282 4.156653
0.331983 7.017928 5.791775 8.711027 4.959157 10.305202 11.586347 4.166468
0.334030 7.022525 5.805455 8.724445 4.969511 10.310920 11.598358 4.189718
0.337596 7.046004 5.825086 8.746019 4.996295 10.308414 11.619676 4.231493
0.340739 7.066134 5.846435 8.756671 5.017144 10.314921 11.638905 4.254630
0.343397 7.080749 5.864166 8.776710 5.034622 10.311174 11.655493 4.274528
0.346115 7.100384 5.881803 8.800761 5.058694 10.318732 11.672772 4.300498
0.348612 7.118000 5.896224 8.814541 5.079296 10.323289 11.688936 4.324450
0.352744 7.147801 5.925419 8.835292 5.117460 10.317886 11.716310 4.364295
0.355809 7.166597 5.947055 8.855474 5.142315 10.327018 11.726309 4.394022
0.358776 7.184453 5.970023 8.876410 5.156666 10.336524 11.704938 4.422955
0.362522 7.208828 5.991714 8.899122 5.183144 10.361035 11.679284 4.464158
0.367419 7.240541 6.022602 8.928375 5.229465 10.378263 11.667306 4.508111
0.370303 7.263965 6.042899 8.942327 5.256273 10.398009 11.699218 4.536840
0.375244 7.295585 6.078283 8.983674 5.295290 10.457925 11.690341 4.586434
0.379273 7.320771 6.110596 9.014629 5.327896 10.471737 11.682433 4.627240
0.384205 7.352868 6.147645 9.056952 5.362691 10.489409 11.674663 4.677650
0.389121 7.393527 6.180926 9.109728 5.406256 10.522959 11.668948 4.728408
0.393853 7.429174 6.217721 9.141314 5.445719 10.546356 11.665302 4.777766
0.398175 7.463949 6.252749 9.180370 5.487431 10.597221 11.663513 4.817602
0.400736 7.484134 6.276467 9.200672 5.510091 10.613664 11.663130 4.837165
0.403462 7.506344 6.294482 9.225249 5.530109 10.635571 11.663265 4.858175
0.407124 7.534306 6.325543 9.268355 5.562518 10.674195 11.670239 4.886674
0.411451 7.577118 6.362097 9.316337 5.607760 10.713670 11.701559 4.926807
0.417044 7.624923 6.405398 9.373713 5.654100 10.770415 11.752762 4.988778
0.420695 7.658051 6.438451 9.415680 5.677531 10.803548 11.790268 5.029676
0.426727 7.709800 6.489629 9.479797 5.733955 10.864901 11.862350 5.090891
0.430053 7.743753 6.520951 9.520723 5.763484 10.893786 11.902845 5.124452
0.434671 7.786509 6.561483 9.578359 5.807886 10.950616 11.947001 5.171672
0.439341 7.828597 6.600956 9.637046 5.842775 11.005480 11.977122 5.242783
0.444897 7.890406 6.651704 9.707902 5.888249 11.080589 12.046704 5.309700
0.450055 7.942791 6.702110 9.769351 5.938318 11.141012 12.122558 5.355559
0.456244 8.001517 6.760006 9.843164 5.994155 11.212540 12.202027 5.409668
0.462266 8.070714 6.818818 9.917643 6.053831 11.289216 12.286015 5.468989
0.467491 8.129308 6.869449 9.979156 6.109132 11.346382 12.384910 5.528142
0.472183 8.186050 6.918015 10.040634 6.162630 11.407426 12.458422 5.582026
0.476736 8.236416 6.963864 10.092669 6.205809 11.462547 12.522943 5.634992
0.483893 8.318272 7.034239 10.195218 6.270565 11.563884 12.626009 5.712711
0.490042 8.388442 7.098930 10.286122 6.333642 11.664016 12.716159 5.760525
0.498903 8.489003 7.184469 10.405223 6.415550 11.798178 12.848558 5.831228
0.505147 8.565127 7.250558 10.495306 6.468648 11.882386 12.943575 5.881589
0.514869 8.692141 7.358884 10.637877 6.557172 12.042340 13.094272 5.961195
0.523893 8.805498 7.458800 10.778787 6.635104 12.214506 13.263158 6.022014
0.532320 8.907430 7.547629 10.906716 6.710513 12.366555 13.443103 6.095519
0.539192 8.994771 7.618876 11.018410 6.775368 12.492723 13.592155 6.177798
0.553960 9.191894 7.778177 11.250095 6.918387 12.767115 13.856276 6.260635
0.563397 9.323296 7.882221 11.398637 7.007842 12.972544 14.098321 6.336453
0.572584 9.448691 7.993110 11.547863 7.070655 13.159167 14.319499 6.416038
0.587647 9.659418 8.168812 11.817546 7.216428 13.472215 14.698619 6.487776
0.602659 9.876410 8.344535 12.089356 7.361859 13.791786 15.181641 6.552219
0.617463 10.084934 8.511960 12.348988 7.492480 14.128324 15.564534 6.616747
0.629664 10.262681 8.650993 12.558962 7.580199 14.396169 15.836556 6.694008
0.646189 10.503315 8.837700 12.848046 7.737636 14.782793 16.201375 6.802977
0.669278 10.840806 9.110792 13.265959 7.952146 15.301666 16.828890 6.902237
0.691114 11.164944 9.363191 13.636633 8.147554 15.801618 17.438934 6.994334
0.715888 11.518067 9.647845 14.096809 8.344140 16.355407 18.024384 7.103100
0.746571 11.971731 9.993688 14.655215 8.593361 17.029206 18.872933 7.253250
0.780700 12.452786 10.387322 15.264268 8.876080 17.802394 19.921916 7.404793
0.813004 12.914642 10.740016 15.836650 9.148599 18.511654 20.812328 7.562338
0.842293 13.344563 11.070737 16.367100 9.391321 19.172674 21.618127 7.708325
0.867087 13.695288 11.346983 16.790856 9.585475 19.728959 22.263475 7.833851
0.908752 14.298676 11.804893 17.533973 9.923467 20.674580 23.442083 8.018531
0.949538 14.902571 12.248821 18.282883 10.251833 21.599993 24.692642 8.141510
1.001453 15.667756 12.814355 19.243702 10.679301 22.788263 26.360269 8.356001
1.050453 16.386501 13.328379 20.145144 11.094275 23.985702 27.913255 8.572032
1.130017 17.523576 14.184464 21.601646 11.698338 25.886627 30.183168 8.916069
1.217268 18.749473 15.118007 23.221927 12.309404 27.905187 32.591574 9.283137
1.286276 19.730412 15.861794 24.436461 12.804677 29.540285 34.749017 9.565690
1.374705 20.983369 16.779107 26.069529 13.473848 31.594771 37.679097 9.917769
1.498655 22.697364 18.056393 28.346570 14.250545 34.558730 41.608948 10.466939
1.638003 24.576976 19.432556 30.847251 15.092554 37.800949 45.803852 11.160100
1.848779 27.433085 21.396413 34.787099 16.321124 42.809913 52.069327 11.789707
2.187406 31.807867 24.523278 40.955851 18.235154 50.854394 62.772615 12.696580
2.667234 37.898340 28.558740 49.570954 20.503111 62.908319 79.172569 13.848996
3.600756 48.996162 35.588757 66.197202 24.041512 86.156999 111.804362 16.248647
