0.074100 8.632079 1.238500
0.108081 8.770536 1.246799
0.142122 8.560184 1.518020
0.165452 11.016807 1.541821
0.181491 10.214903 1.529828
0.218016 8.048144 1.182567
0.240020 9.338078 1.427677
0.253094 9.079212 1.303463
0.278656 7.322291 1.086473
0.311804 8.355213 1.286718
0.347189 8.292105 1.244410
0.371618 8.542381 1.257680
0.387130 8.620800 1.308892
0.402047 6.585037 1.012441
0.428315 9.303526 1.320911
0.456539 11.317819 1.568846
0.525269 11.898978 1.748197
0.586667 9.579597 1.356991
0.691102 9.592600 1.525233
0.886619 10.818910 1.561360
