0.067363 2.323925 2.028642
0.095196 8.571130 2.805184
0.101285 7.555988 4.265250
0.119564 9.971299 2.644882
0.126583 8.326383 2.443560
0.139426 6.707255 3.088215
0.152824 5.033035 2.312821
0.161296 9.496536 2.764342
0.169617 7.595356 2.306599
0.178355 8.605216 2.847244
0.190412 8.688603 2.494593
0.198029 7.612227 2.473765
0.207373 7.766833 2.503108
0.211032 5.881349 1.666373
0.219626 6.493047 2.396734
0.223508 10.578894 3.132192
0.233386 9.238573 2.715173
0.244348 7.356134 2.967081
0.270140 10.509864 3.608084
0.285115 7.436748 2.513855
0.291710 5.986771 2.792677
0.308477 6.507592 2.221806
0.324296 6.765979 3.021748
0.345431 11.263614 2.833526
0.357384 5.945138 3.436011
0.363087 6.420086 3.999662
0.381946 7.355056 3.835358
0.395723 7.025459 3.402349
0.408480 5.774187 1.941668
0.421419 6.536512 2.966522
0.448921 7.163491 2.212245
0.474092 8.571952 4.303820
0.498142 9.238403 2.602067
