0.060305 639.170780 534.122082 745.627247 485.757546 789.049236 795.323077 477.895524
0.081064 1504.281150 1257.050236 1754.825232 1143.224852 1857.018389 1871.783802 1124.721671
0.099181 2662.148651 2224.620437 3105.540226 2023.181968 3286.392971 3312.523541 1990.436614
0.106743 3265.804451 2729.064480 3809.737330 2481.948810 4031.599358 4063.655168 2441.778280
0.120105 4511.305981 3769.865924 5262.682155 3428.506109 5569.157178 5613.438326 3373.015478
0.137004 6414.645625 5360.388778 7483.030679 4875.007770 7918.808849 7981.772406 4796.105400
0.148507 7915.979752 6614.976338 9234.418049 6015.992941 9772.189170 9849.889213 5918.623639
0.157334 9176.792999 7668.572994 10705.224818 6974.186852 11328.649134 11418.724808 6861.309109
0.164982 10342.553633 8642.739080 12065.147579 7860.142597 12767.767702 12869.286009 7732.925594
0.173795 11766.556988 9832.705300 13726.324426 8942.357863 14525.684043 14641.179789 8797.625123
0.182962 13334.733044 11143.149215 15555.686517 10134.141619 16461.579984 16592.468309 9970.119769
0.190196 14631.196454 12226.536875 17068.081128 11119.428971 18062.049678 18205.663562 10939.460170
0.200958 16649.174680 13912.857285 19422.161752 12653.053758 20553.221408 20716.642947 12448.263124
0.208540 18130.062897 15150.359252 21149.697863 13778.500429 22381.361480 22559.318816 13555.494355
0.212508 18923.487407 15813.383226 22075.270419 14381.487854 23360.835233 23546.580502 14148.722383
0.222706 21015.070951 17561.211807 24515.215623 15971.051273 25942.871911 26149.147315 15712.558598
0.237849 24246.244446 20261.336982 28284.554072 18426.681220 29931.719738 30169.711029 18128.443987
0.248025 26489.295020 22135.738754 30901.193750 20131.356680 32700.740784 32960.748949 19805.529145
0.264867 30304.245684 25323.696425 35351.539806 23030.646090 37410.255049 37707.709221 22657.893337
0.277233 33169.845688 27718.330673 38694.417026 25208.447187 40947.806457 41273.388195 24800.446558
0.289243 35991.782904 30076.478179 41986.359247 27353.065404 44431.456639 44784.737367 26910.353966
0.299113 38332.016727 32032.090984 44716.368435 29131.598270 47320.449327 47696.700840 28660.101143
0.307631 40362.672317 33729.005213 47085.237888 30674.857611 49827.271121 50223.454724 30178.382715
0.324526 44407.929354 37109.418052 51804.248772 33749.175452 54821.096049 55256.986253 33202.942489
0.345368 49403.908449 41284.300319 57632.328298 37546.023841 60988.576807 61473.505514 36938.338598
0.351388 50843.612079 42487.386449 59311.820364 38640.171015 62765.874964 63264.935216 38014.776917
0.361677 53297.012921 44537.567100 62173.844993 40504.708648 65794.571081 66317.712920 39849.136867
0.376574 56828.000954 47488.231834 66292.933298 43188.191899 70153.536628 70711.337212 42489.187738
0.387343 59360.619388 49604.610543 69247.369529 45112.933384 73280.025984 73862.685722 44382.777136
0.396383 61471.487562 51368.554295 71709.811295 46717.152752 75885.869323 76489.248486 45961.032092
0.403120 63034.626193 52674.788695 73533.296959 47905.108162 77815.546620 78434.268917 47129.760354
0.417520 66344.672315 55440.823660 77394.644588 50420.679794 81901.761829 82552.974195 49604.617268
0.429738 69117.225282 57757.703294 80628.977414 52527.766927 85324.447704 86002.874324 51677.601036
0.436908 70727.918563 59103.676664 82507.938145 53751.862959 87312.830687 88007.067219 52881.884981
0.448823 73376.472329 61316.936556 85597.619204 55764.713075 90582.440923 91302.674583 54862.156965
0.471182 78247.102210 65387.070946 91279.472101 59466.298463 96595.179469 97363.221254 58503.831914
0.485966 81393.229809 68016.127648 94949.599917 61857.295158 100479.039080 101277.961977 60856.130146
0.507397 85844.517762 71735.839599 100142.267800 65240.188716 105974.104668 106816.719600 64184.271315
0.526164 89633.941980 74902.466134 104562.835876 68120.078516 110652.106818 111531.917200 67017.549880
0.536215 91620.856503 76562.828207 106880.679012 69630.095484 113104.930751 114004.243878 68503.127109
0.546829 93686.992640 78289.391702 109290.938442 71200.319361 115655.552887 116575.146368 70047.936794
0.566014 97337.099562 81339.597953 113548.985367 73974.330686 120161.569382 121116.990830 72777.050535
0.581991 100293.845870 83810.398470 116998.189676 76221.401229 123811.639892 124796.083561 74987.752070
0.605449 104498.980598 87324.412855 121903.706523 79417.223051 129002.832054 130028.551619 78131.849275
0.628901 108542.904286 90703.711482 126621.161981 82490.527572 133995.010976 135060.424054 81155.412129
0.644045 111070.149525 92815.600090 129569.330090 84411.185532 137114.867183 138205.086674 83044.984094
0.663197 114173.403181 95408.829248 133189.443136 86769.598852 140945.799388 142066.479157 85365.226316
0.693229 118834.992564 99304.279266 138627.438997 90312.317467 146700.479757 147866.915795 88850.605761
0.720377 122839.679552 102650.789805 143299.122726 93355.802848 151644.221409 152849.965829 91844.832101
0.735249 124951.911078 104415.872840 145763.154916 94961.058337 154251.747791 155478.225017 93424.106408
0.757788 128045.844665 107001.313697 149372.395598 97312.388584 158071.174475 159328.020497 95737.380196
0.783488 131421.010250 109821.765640 153309.708599 99877.449760 162237.778939 163527.754216 98260.925662
0.803664 133960.753745 111944.098396 156272.456597 101807.606154 165373.064103 166687.968471 100159.842329
0.844381 138804.700465 115991.935043 161923.182145 105488.912851 171352.862582 172715.313164 103781.566798
0.899129 144762.970160 120970.953975 168873.825645 110017.083659 178708.280409 180129.214947 108236.448818
0.941628 148984.453795 124498.630300 173798.414376 113225.330338 183919.655116 185382.026024 111392.769781
0.984762 152938.992745 127803.234708 178411.597709 116230.704171 188801.489572 190302.676628 114349.501411
1.039693 157536.162745 131644.852767 183774.444879 119724.465289 194476.644927 196022.955938 117786.715740
1.093800 161630.340314 135066.145973 188550.524205 122835.961797 199530.861708 201117.359503 120847.852441
1.174868 167056.217131 139600.271613 194880.102651 126959.524218 206229.046435 207868.802434 124904.674692
1.257064 171810.640623 143573.298312 200426.394516 130572.794977 212098.329482 213784.752971 128459.464390
1.365473 177127.243498 148016.109349 206628.499004 134613.311295 218661.616739 220400.225844 132434.584645
1.504655 182680.533115 152656.707300 213106.711364 138833.705003 225517.091154 227310.209095 136586.670961
1.686563 188313.428269 157363.827496 219677.787884 143114.597394 232470.837720 234319.245873 140798.276784
1.900095 193250.140827 161489.183773 225436.729794 146866.404351 238565.154597 240462.019516 144489.360461
2.290180 199305.797184 166549.583720 232500.980097 151468.587155 246040.795177 247997.099960 149017.056588
2.980589 205128.688140 171415.473616 239293.696984 155893.872715 253229.089453 255242.549369 153370.718565
5.198893 211102.571189 176407.539823 246262.554305 160433.909373 260603.781793 262675.878919 157837.274385
