0.060305 437.609176 182.287987 1170.716620 91.162623 2763.171464 5401.877176 50.064353
0.081064 369.630601 169.886134 854.852814 90.283564 1766.060068 3018.425050 49.974564
0.099181 333.023837 164.917112 706.662412 90.855066 1337.932494 2110.427181 51.231198
0.106743 321.526213 163.679283 658.456848 91.961672 1213.487929 1870.630906 52.039461
0.120105 306.545681 162.414169 594.540369 91.096936 1040.375645 1533.454953 51.810350
0.137004 290.455626 158.526502 529.895277 92.073751 868.379088 1241.424748 52.773253
0.148507 280.851931 157.372382 492.496915 91.067167 784.498506 1098.421953 53.202267
0.157334 273.884655 156.143754 469.203433 91.351151 731.680709 1012.787476 53.587813
0.164982 268.083334 155.085164 449.370376 91.936831 689.565410 944.880023 54.410048
0.173795 262.073249 153.838396 430.829442 92.427203 647.183446 877.519537 55.112026
0.182962 256.654054 153.325391 415.435864 92.699797 611.325595 813.082164 55.844080
0.190196 252.887906 152.460679 402.981297 93.424390 584.324933 769.019933 56.453684
0.200958 247.752575 152.461698 387.649092 94.511943 552.604237 717.261088 57.491923
0.208540 244.271292 152.415597 379.173174 95.182370 533.283508 688.777328 58.271932
0.212508 242.915594 152.349554 375.259511 95.560535 524.881286 674.112808 58.700742
0.222706 239.420674 152.420792 364.626532 96.844667 504.480824 640.025641 59.867050
0.237849 235.380964 152.948204 351.262529 99.162282 477.844520 599.845238 61.729432
0.248025 233.537883 152.732693 344.103361 100.083619 464.231996 580.689536 62.961534
0.264867 230.998929 153.572140 332.201338 101.235486 445.478572 555.754010 64.980983
0.277233 229.005533 154.004679 324.981993 102.781064 432.567004 542.551443 66.478099
0.289243 226.911025 154.875112 318.761636 104.217898 422.971546 532.994179 67.961013
0.299113 225.767250 155.471681 314.926419 105.346509 414.915967 522.470502 69.208169
0.307631 224.991222 155.894730 311.297971 106.660598 409.813876 511.223046 70.308512
0.324526 224.109695 156.961915 306.578588 108.904103 398.684340 491.480541 72.564247
0.345368 223.036269 158.903464 301.000931 111.684112 387.381753 472.344597 75.846459
0.351388 223.087516 159.760534 299.530811 112.596152 385.302825 468.890968 77.148013
0.361677 222.737826 160.770496 297.734556 114.549831 382.695545 463.452490 79.432250
0.376574 222.966451 162.199561 295.598323 116.959678 377.793670 456.521770 81.875047
0.387343 223.097649 163.347432 294.790915 118.486767 374.711023 452.136148 82.445768
0.396383 223.757218 164.451078 294.904081 119.981930 373.431942 448.820023 83.383655
0.403120 223.615042 165.301541 294.918409 120.917688 372.915002 446.857265 84.503899
0.417520 224.350692 167.048754 294.373074 123.452653 371.916642 446.621634 86.959501
0.429738 225.047453 168.536776 294.393661 125.681248 371.246266 447.844310 89.108121
0.436908 225.679060 169.643495 294.838976 126.713968 371.619010 448.677809 90.396765
0.448823 226.743733 171.413942 295.596395 128.089090 370.798866 445.587528 93.042055
0.471182 229.015248 173.801462 296.866771 131.437583 372.074940 440.489324 95.842905
0.485966 230.560391 176.020370 298.570351 133.678398 373.798723 439.698477 98.181968
0.507397 232.830929 178.364664 300.642035 136.068324 377.192308 440.548002 101.444157
0.526164 235.007249 181.070028 302.149666 138.769401 378.408276 442.621461 103.259700
0.536215 235.962937 182.487669 302.798590 139.893240 379.593096 447.209805 103.957180
0.546829 237.240595 183.863550 304.356873 140.987596 380.867121 447.583224 105.264497
0.566014 239.764039 186.481551 307.196846 143.321411 383.274332 448.537060 107.136846
0.581991 242.009654 188.730297 309.222031 145.777576 385.592204 451.248870 109.711435
0.605449 245.023904 190.889100 312.915549 147.848724 389.808092 450.729053 111.354559
0.628901 248.424783 193.418303 317.269929 150.112841 394.327111 458.619930 113.392779
0.644045 250.793452 195.022989 319.906578 152.013114 396.284881 462.862237 114.932614
0.663197 253.571953 197.431146 323.642783 154.653274 399.048078 468.064923 116.900782
0.693229 258.555382 200.729381 329.261434 157.503684 404.529902 476.241360 116.394053
0.720377 262.868141 204.296439 334.566753 159.510625 410.791364 486.003167 120.753962
0.735249 265.508197 205.841962 337.509905 160.886417 413.461568 491.456753 122.971210
0.757788 269.693731 208.165336 342.931385 162.322394 418.205765 499.383762 124.151040
0.783488 274.346947 211.177350 348.686284 164.751016 424.939104 508.348070 124.514103
0.803664 278.048186 213.375660 353.592563 166.055144 431.182910 515.431620 126.812933
0.844381 285.274431 218.409119 363.758227 169.180320 444.433825 529.858826 125.675662
0.899129 295.686255 225.028264 378.133570 173.049253 462.181727 551.582349 126.976355
0.941628 303.955448 230.568060 390.122046 176.959122 477.391801 570.464065 127.997649
0.984762 312.215578 235.323233 401.382668 179.987451 491.899645 586.757441 127.971631
1.039693 322.998038 241.902672 416.475007 183.304828 509.763883 606.563165 128.135936
1.093800 333.975187 247.927918 430.344496 185.535226 528.906709 627.666150 128.476310
1.174868 350.007788 256.394872 452.181429 189.356907 558.909017 663.065814 129.248645
1.257064 365.195923 264.881002 476.066660 193.850297 588.247421 705.011469 130.278438
1.365473 385.752476 277.133805 504.526929 199.341760 628.164163 749.644601 131.910108
1.504655 411.809683 290.431107 541.577097 205.441848 678.256601 820.383153 134.310715
1.686563 444.192622 308.182081 589.403897 213.781951 742.933878 902.327565 137.749050
1.900095 482.637011 327.646070 647.654666 223.758102 823.029200 1005.372416 141.984019
2.290180 548.372942 359.912161 752.385186 240.146891 979.830449 1236.182041 154.258408
2.980589 654.430713 412.130161 940.632347 263.436872 1258.707030 1634.859669 168.011425
5.198893 937.200084 536.760148 1533.709219 323.326254 2222.577711 3086.551073 196.552905
