0.060305 551.038871 224.960677
0.081064 594.150917 242.561096
0.099181 554.442079 226.350031
0.106743 1231.239916 502.651591
0.120105 617.851231 252.236709
0.137004 426.574587 174.148346
0.148507 575.816200 235.075979
0.157334 705.536325 288.033998
0.164982 774.358245 316.130430
0.173795 636.179014 259.718995
0.182962 578.694189 236.250914
0.190196 702.571510 286.823618
0.200958 445.501951 181.875410
0.208540 606.703712 247.685753
0.212508 1134.455994 463.139720
0.222706 479.649140 195.815941
0.237849 300.576078 122.709670
0.248025 425.735567 173.805817
0.264867 238.787255 97.484489
0.277233 307.813652 125.664397
0.289243 300.371012 122.625952
0.299113 351.101057 143.336406
0.307631 392.468398 160.224552
0.324526 185.669791 75.799375
0.345368 138.794655 56.662680
0.351388 466.932465 190.624381
0.361677 263.187416 107.445813
0.376574 172.252613 70.321835
0.387343 256.742120 104.814531
0.396383 295.681712 120.711553
0.403120 386.102340 157.625620
0.417520 172.395721 70.380258
0.429738 193.749121 79.097747
0.436908 320.952502 131.028310
0.448823 185.449424 75.709411
0.471182 91.924058 37.527840
0.485966 145.630964 59.453592
0.507397 93.043310 37.984772
0.526164 99.478314 40.611852
0.536215 177.945790 72.646065
0.546829 177.398123 72.422480
0.566014 92.592727 37.800823
0.581991 104.530247 42.674295
0.605449 72.081608 29.427193
0.628901 65.875827 26.893694
0.644045 103.384890 42.206705
0.663197 76.753316 31.334410
0.693229 47.317958 19.317476
0.720377 50.917303 20.786902
0.735249 92.129939 37.611890
0.757788 56.353975 23.006414
0.783488 48.108133 19.640063
0.803664 59.553649 24.312675
0.844381 28.937771 11.813796
0.899129 20.152079 8.227052
0.941628 24.543556 10.019865
0.984762 23.126622 9.441404
1.039693 17.145573 6.999651
1.093800 16.464119 6.721449
1.174868 10.103338 4.124670
1.257064 9.317232 3.803744
1.365473 6.513588 2.659161
1.504655 4.597175 1.876789
1.686563 3.128396 1.277162
1.900095 2.359406 0.963224
2.290180 1.070287 0.436943
2.980589 0.464067 0.189455
