0.060305 1.271518 1.176407 1.365553 1.084796 1.460652 1.537716 1.006799
0.081064 2.985601 2.763882 3.205460 2.548956 3.429262 3.610175 2.367017
0.099181 5.271829 4.881662 5.658382 4.503755 6.051230 6.372318 4.184987
0.106743 6.460654 5.982493 6.934021 5.521800 7.413085 7.807835 5.132030
0.120105 8.909124 8.250224 9.558417 7.618176 10.215722 10.760936 7.085033
0.137004 12.636698 11.708880 13.547662 10.814758 14.479056 15.253172 10.068480
0.148507 15.567605 14.428832 16.685542 13.325933 17.824217 18.779793 12.422153
0.157334 18.020681 16.707373 19.310684 15.437182 20.622552 21.722143 14.399730
0.164982 20.283661 18.814203 21.737580 17.394247 23.204655 24.432794 16.229442
0.173795 23.046334 21.383495 24.684838 19.780791 26.341647 27.731547 18.466577
0.182962 26.084073 24.208798 27.929542 22.402304 29.789605 31.349130 20.933522
0.190196 28.588003 26.542392 30.597120 24.575742 32.622200 34.328324 22.976137
0.200958 32.481205 30.171294 34.750805 27.956216 37.035876 38.945379 26.162060
0.208540 35.335656 32.829036 37.782258 30.439029 40.276941 42.318474 28.505780
0.212508 36.857631 34.253678 39.405542 31.769292 41.997737 44.120566 29.763689
0.222706 40.875503 38.017266 43.682213 35.279377 46.548640 48.854395 33.087726
0.237849 47.076382 43.835580 50.243966 40.728596 53.525644 56.121137 38.248123
0.248025 51.376649 47.865226 54.801550 44.533693 58.330748 61.133730 41.850521
0.264867 58.692200 54.715798 62.550628 50.980531 66.509127 69.601316 48.019658
0.277233 64.162870 59.878105 68.327430 55.832113 72.627130 75.915491 52.691806
0.289243 69.573441 64.983971 74.018596 60.619233 78.595638 82.149585 57.327432
0.299113 74.026690 69.185562 78.727306 64.591590 83.526777 87.317696 61.199379
0.307631 77.908864 72.871970 82.775102 68.073126 87.792520 91.788634 64.559070
0.324526 85.644277 80.189912 90.887884 75.035292 96.333594 100.658866 71.225270
0.345368 95.218727 89.227387 100.902200 83.712926 106.790494 111.549395 79.536641
0.351388 97.977723 91.873755 103.780147 86.249460 109.810463 114.674922 81.947822
0.361677 102.676117 96.368626 108.671761 90.579124 114.962271 119.988201 86.076560
0.376574 109.477603 102.843607 115.729614 96.803234 122.287500 127.532932 92.063781
0.387343 114.378477 107.506154 120.787138 101.254191 127.524972 132.979859 96.391673
0.396383 118.459447 111.406918 125.003872 104.977698 131.916432 137.507811 100.083769
0.403120 121.486795 114.322297 128.163861 107.744217 135.136161 140.853941 102.801049
0.417520 127.904599 120.443042 134.772335 113.671418 142.027036 147.890398 108.576353
0.429738 133.242342 125.557130 140.286713 118.674172 147.766530 153.701081 113.453202
0.436908 136.334712 128.584584 143.548130 121.616939 151.072202 157.065276 116.302824
0.448823 141.497031 133.540641 148.777776 126.520986 156.506689 162.579001 120.962920
0.471182 150.991525 142.664929 158.487701 135.375279 166.444322 172.795190 129.577003
0.485966 157.114675 148.587303 164.837866 141.147153 172.891488 179.384779 135.188091
0.507397 165.729418 156.993613 173.693697 149.351948 181.975071 188.634315 143.187655
0.526164 173.147317 164.247415 181.219571 156.492441 189.656062 196.376101 150.051579
0.536215 177.012592 168.041968 185.160233 160.213581 193.663216 200.418060 153.669482
0.546829 181.045417 172.003144 189.300853 164.087089 197.831876 204.608571 157.600150
0.566014 188.109226 179.003957 196.621111 170.979265 205.228155 212.080745 164.324611
0.581991 193.872906 184.725634 202.543899 176.555305 211.281204 218.153938 169.792505
0.605449 202.083402 192.838272 210.894974 184.600723 219.705578 226.613297 177.744689
0.628901 210.001872 200.592024 218.958592 192.305751 227.731862 234.669988 185.519711
0.644045 214.899314 205.460564 223.956406 197.183080 232.836412 239.793805 190.403425
0.663197 220.920090 211.480979 230.132268 203.159865 239.024752 246.063716 196.424272
0.693229 229.987331 220.384249 239.426048 212.144598 248.199431 255.436570 205.505127
0.720377 237.820368 228.062191 247.388108 219.852523 256.142907 263.444355 213.166669
0.735249 241.938818 232.174901 251.642175 223.897293 260.361776 267.709607 217.217788
0.757788 247.946367 238.157405 257.814032 229.858774 266.537696 274.076876 223.392006
0.783488 254.527054 244.688351 264.507429 236.346595 273.266853 280.857368 229.949815
0.803664 259.480738 249.526663 269.566212 241.186273 278.356226 285.922401 234.876274
0.844381 268.931388 258.916135 279.143964 250.493382 287.905007 295.398638 244.288618
0.899129 280.462197 270.255402 290.857433 261.889416 299.602620 307.012451 255.689294
0.941628 288.652698 278.320987 299.076786 269.951405 307.884927 315.194953 263.811195
0.984762 296.281240 285.842375 306.881544 277.355804 315.781008 322.912358 271.291884
1.039693 305.113266 294.477171 315.885411 286.112812 324.971336 331.925843 279.846861
1.093800 312.961278 302.189497 323.939052 293.843782 333.202471 339.954439 287.192048
1.174868 323.338118 312.441033 334.435453 304.200981 343.965658 350.406573 296.893830
1.257064 332.361810 321.303941 343.651784 313.096756 353.355668 359.624217 305.991315
1.365473 342.348453 331.301949 353.992539 322.933854 363.873642 370.192207 315.655039
1.504655 352.824152 341.543034 364.640136 333.104800 374.645721 381.166181 326.138697
1.686563 363.319805 351.910117 375.532916 343.347121 385.741034 391.955334 336.322560
1.900095 372.612453 360.924991 385.033085 352.113571 395.345596 401.907413 345.015663
2.290180 383.886876 372.053096 396.538017 362.934466 406.994361 413.617084 355.765508
2.980589 394.718588 382.484346 407.532838 373.085248 417.988152 425.004315 365.792557
5.198893 405.678343 393.149101 418.801674 383.513120 429.515283 436.384776 375.641302
