2.500000000000000000e-01 1.913154307833140776e-11
5.000000000000000000e-01 6.797414443616208133e-12
7.500000000000000000e-01 3.771920234013020211e-12
1.000000000000000000e+00 2.498367087292509661e-12
1.250000000000000000e+00 1.830206106311053146e-12
1.500000000000000000e+00 1.417628709934518064e-12
1.750000000000000000e+00 1.138282345254028432e-12
2.000000000000000000e+00 9.563679202243881539e-13
2.500000000000000000e+00 7.012155889987171684e-13
3.000000000000000000e+00 5.433676141615128953e-13
4.000000000000000000e+00 3.567847227965177441e-13
5.000000000000000000e+00 2.626485454384772394e-13
1.000000000000000000e+01 1.062342408050293849e-13
