0.33805074911786104 1.0750592561018515e-7
0.36278922731188235 9.50120610964492e-8
0.3893380618058173 8.374690133962022e-8
0.41782973406869306 7.393542131164898e-8
0.4484064205338021 6.527341832461185e-8
0.4812207020740187 5.747299547970077e-8
0.5164363253963594 5.0766696502656995e-8
0.5542290201552282 4.469988233351645e-8
0.5947873758618256 3.94419991256083e-8
0.6383137829655912 3.478405367456207e-8
0.6850254428037772 3.0324481428269895e-8
0.7351554514589056 2.7114971454048414e-8
0.7889539629326703 2.3725519031005657e-8
0.8463731035112829 2.1094166575614484e-8
0.958884128885913 1.692815901044238e-8
1.0325217400499935 1.4812870243381196e-8
1.1732803234484137 1.176313396358846e-8
1.2591407150400418 1.0385008300382618e-8
1.3512843508802403 9.143960136058869e-9
1.450171037377474 8.068389643625689e-9
1.5562942294703161 7.119334563221835e-9
1.6701834930193504 6.271885833475376e-9
1.7924071473963687 5.501824841068186e-9
1.923575101457649 4.880585855787677e-9
2.0643418970531275 4.30191638227151e-9
2.215409975258889 3.795897736866477e-9
2.3703476768999523 3.330509424278007e-9
2.5515205279780186 2.9575245392658622e-9
2.7382402294065606 2.636422424870831e-9
2.885821856502581 2.39596881798989e-9
3.101084035005376 2.0840552278347857e-9
3.3280206709335545 1.8350026666771421e-9
3.57156447911023 1.620883385026751e-9
3.8329307686853036 1.4271816284767633e-9
4.113423784860385 1.2593074881599283e-9
4.414443217209161 1.110588211348867e-9
4.737491184275193 9.794320980250031e-10
5.084179729301013 8.628455715774316e-10
5.45623886449301 7.617577467464664e-10
5.855525203963809 6.714395006830545e-10
6.284031228431444 5.968939093693961e-10
6.7438952279071565 5.219371000131134e-10
7.237411971986841 4.607888622786961e-10
7.7670441609920555 4.061551653792281e-10
8.335434715102945 3.5799914422509593e-10
8.945419962807184 3.1588901796520684e-10
9.600043794476653 2.7843545457820043e-10
10.302572851699683 2.455533190928198e-10
11.056512828165252 2.1678519218253555e-10
11.865625963442227 1.9077691605248256e-10
12.733949816949462 1.6842619176650426e-10
13.665817415800824 1.486148365854412e-10
14.665878877065023 1.3085479588053e-10
15.739124612337559 1.1552432757890848e-10
16.890910230418072 1.0188135744401039e-10
18.126983262360042 8.975392809172287e-11
19.45351184225364 7.923868682527032e-11
20.87711548686186 6.984370627536021e-11
22.404898127703547 6.156264700645043e-11
24.044483560416843 5.435019291070621e-11
25.804053488299154 4.788062731652951e-11
27.692388349864824 4.222611296262939e-11
29.718911134154386 3.7239374583490244e-11
31.89373440243831 3.285904353844134e-11
34.227710750958515 2.896309211242839e-11
36.05928114187228 2.6374752899172162e-11
