1.8637358044367591 -7.003084362650074
1.946861346427007 -7.165987953870747
2.0443926037999596 -7.2962929929502245
2.2163134383110017 -7.439173787652212
2.28338385665832 -7.555034067753439
2.3795752743731935 -7.720170903653067
2.465981112593157 -7.842460383159887
2.619719546607343 -7.9500082666385525
2.7574060258175495 -8.09411190450297
2.8467261283026897 -8.253727222536353
2.9000959432447777 -8.402677529014289
2.9655380043685553 -8.531067607172359
3.097124542763715 -8.78717715231788
3.1937795841770638 -8.930540149006623
3.264154639748328 -9.01081125827814
3.3796250048402996 -9.084440857026872
3.4819642381014866 -9.136928949568643
3.6443648598589435 -9.156117549668876
3.776456164317678 -9.024612234227956
3.895980357316564 -8.915000000000001
4.081274004122034 -8.804079790643026
4.325700942034157 -8.897970671712393
4.552928243459369 -8.875819981485439
4.694916808673683 -8.979669642490995
4.835410148011918 -9.093373302562043
4.903829280863951 -9.222594819001145
5.013732813756891 -9.352617321306234
5.087607750444834 -9.465055581835383
5.365824428245839 -9.497562219611195
5.665221315512735 -9.573959910122992
5.902211544511154 -9.788115342163355
6.038336971330167 -9.919915149006624
6.364008331355656 -10.058251174962614
6.721686698191907 -10.103018318735312
7.084064599778254 -10.115946913052767
7.492233143823222 -10.24447998193859
7.9371415276751165 -10.305720351268043
8.37574587375561 -10.287442984719478
8.857595747513269 -10.447550381504938
9.327261512354399 -10.51302763563482
9.776434621214152 -10.659037916444655
9.943666191675073 -10.7299917218543
10.210868089913083 -10.830826158940397
10.558957138529799 -10.937207981274266
11.10781905074046 -11.052453001495406
11.625026048640317 -11.115643330179758
12.352703821542512 -10.927342181691413
13.18942770392901 -10.926223539065079
13.961007403788194 -10.941377643665884
14.516170402965585 -10.937985528574934
15.070358122755886 -11.108057870898985
15.414665905346137 -11.211732170060262
16.22661458497341 -11.3664422666097
17.175869298085384 -11.421375240333262
18.18065528086836 -11.498185750907925
19.00059326187802 -11.537265664798777
