0.020056 12593.708304 3251.681502
0.030854 7601.278647 1962.641707
0.037510 10141.362807 2618.488617
0.045295 7179.739528 1853.800775
0.053030 6169.573731 1592.977088
0.057996 8786.541981 2268.675384
0.062621 8733.975739 2255.102839
0.068153 6709.132550 1732.290576
0.074418 5423.462948 1400.332112
0.078265 8396.142327 2167.874627
0.083362 5947.272412 1535.579134
0.085191 16218.182057 4187.516601
0.089942 5911.990695 1526.469434
0.095818 4484.625495 1157.925324
0.099625 6654.811698 1718.264992
0.102301 9218.808052 2380.286004
0.105138 8457.688175 2183.765697
0.108263 7455.319422 1924.955198
0.110879 8693.270097 2244.592687
0.113529 8376.557905 2162.817951
0.117706 5125.537326 1323.408047
0.121672 5220.721865 1347.984589
0.125895 4734.871237 1222.538497
0.129539 5331.002909 1376.459032
0.131795 8460.352364 2184.453587
0.136014 4381.792234 1131.373890
0.139053 5948.668487 1535.939599
0.140825 10070.189883 2600.111847
0.144370 4906.865005 1266.947096
0.147169 6094.220852 1573.521058
0.150071 5760.273141 1487.296130
0.153819 4350.283386 1123.238340
0.156178 6802.859826 1756.490854
0.159301 5037.593994 1300.701176
0.161614 6698.940476 1729.658993
0.164444 5378.138193 1388.629310
0.168858 3354.842827 866.216693
0.172208 4333.372644 1118.872006
0.175935 3807.768755 983.161665
0.179312 4122.488491 1064.421951
0.181809 5492.756399 1418.223604
0.185170 4004.520224 1033.962676
0.187546 5589.671631 1443.247009
0.191709 3117.956432 805.052889
0.195409 3437.810761 887.638922
0.198143 4586.075441 1184.119587
0.203369 2334.448899 602.752114
0.206847 3445.474696 889.617741
0.211104 2753.842041 711.038957
0.213583 4669.847632 1205.749474
0.217425 2957.615212 763.652964
0.220717 3395.009752 876.587749
0.225391 2338.767059 603.867058
0.229350 2709.458835 699.579263
0.232573 3277.496714 846.246013
0.238236 1817.814133 469.357591
0.242057 2646.133423 683.228712
0.247053 1979.582666 511.126047
0.252788 1680.688002 433.951776
0.256778 2374.365542 613.058547
0.260304 2645.030230 682.943869
0.267422 1272.100194 328.454858
0.271479 2191.703004 565.895282
0.276805 1633.588631 421.790771
0.286573 856.441171 221.132159
0.294454 1091.498706 281.823754
0.305081 777.251752 200.685539
0.314981 802.354603 207.167068
0.323396 912.962376 235.725872
0.335196 623.118419 160.888484
0.344245 783.566990 202.316127
0.358203 483.041322 124.720733
0.377595 343.272555 88.632593
0.395696 343.184838 88.609944
0.418463 252.034831 65.075114
0.445223 204.438024 52.785671
0.487143 120.107501 31.011623
0.528015 114.932721 29.675501
0.595740 61.255783 15.816175
0.728310 24.891147 6.426867
0.835320 26.972067 6.964158
1.003008 14.293532 3.690574
1.301819 6.143188 1.586164
2.132274 1.348935 0.348294
