0.020056 -0.352311 -0.386732 -0.318516 -0.413806 -0.289267 -0.263559 -0.438677
0.030854 -0.780845 -0.896792 -0.666478 -0.989009 -0.567999 -0.479703 -1.075317
0.037510 -0.746593 -0.942534 -0.553370 -1.100204 -0.387013 -0.235548 -1.248804
0.045295 0.110436 -0.206824 0.424752 -0.465498 0.694021 0.942539 -0.711756
0.053030 2.439154 1.975454 2.896037 1.597574 3.293210 3.662030 1.224261
0.057996 5.011704 4.442739 5.570944 3.975835 6.059209 6.514089 3.510140
0.062621 8.330034 7.658388 8.990146 7.105154 9.563817 10.111203 6.542718
0.068153 13.622518 12.821779 14.402790 12.161047 15.085225 15.751580 11.475102
0.074418 21.524064 20.577173 22.446246 19.788823 23.260880 24.062579 18.967841
0.078265 27.443177 26.404658 28.454106 25.536211 29.348815 30.233378 24.631869
0.083362 36.566543 35.416298 37.695247 34.439487 38.693022 39.693028 33.423352
0.085191 40.201354 39.005558 41.367621 37.999053 42.397831 43.445920 36.937452
0.089942 50.516728 49.220531 51.786629 48.104200 52.907236 54.073200 46.950379
0.095818 64.985669 63.575424 66.388430 62.351849 67.618840 68.905854 61.066825
0.099625 75.346079 73.860754 76.816871 72.563421 78.113414 79.485393 71.195343
0.102301 83.059950 81.519009 84.576762 80.165658 85.921315 87.352225 78.755247
0.105138 91.608272 90.020991 93.182464 88.607063 94.577539 96.064922 87.152229
0.108263 101.456615 99.818299 103.082154 98.349681 104.534005 106.081515 96.833280
0.110879 110.027706 108.342364 111.694969 106.833561 113.185294 114.790708 105.268827
0.113529 118.994142 117.268264 120.720905 115.718371 122.237070 123.903641 114.107568
0.117706 133.665316 131.882872 135.467754 130.258622 137.041448 138.796956 128.588053
0.121672 148.158299 146.318670 150.017719 144.626811 151.651644 153.485224 142.906557
0.125895 164.122534 162.238856 166.049975 160.486823 167.745860 169.650352 158.701761
0.129539 178.282642 176.351884 180.267656 174.562476 182.009283 183.974164 172.726189
0.131795 187.211799 185.250743 189.211063 183.442181 190.979907 192.996886 181.572638
0.136014 204.188453 202.177587 206.246026 200.327898 208.055923 210.142161 198.387834
0.139053 216.607409 214.569956 218.693455 212.670385 220.555237 222.658884 210.690682
0.140825 223.916561 221.853898 226.023177 219.947539 227.902105 230.018979 217.931450
0.144370 238.665703 236.568542 240.808863 234.625926 242.723772 244.875907 232.560257
0.147169 250.409333 248.283042 252.576103 246.310211 254.520417 256.709310 244.218059
0.150071 262.652226 260.506412 264.853936 258.491280 266.819177 269.044655 256.357383
0.153819 278.532011 276.361954 280.760669 274.294030 282.761379 285.039826 272.112440
0.156178 288.558337 286.366641 290.803396 284.279954 292.836266 295.133130 282.061887
0.159301 301.840216 299.625001 304.109584 297.502351 306.154461 308.501892 295.248669
0.161614 311.683184 309.441817 313.971956 307.309905 316.034318 318.404158 305.022117
0.164444 323.704842 321.449195 326.034875 319.275371 328.105176 330.506340 316.973415
0.168858 342.424851 340.135091 344.774563 337.929935 346.885548 349.328933 335.574851
0.172208 356.558062 354.239910 358.940118 352.014902 361.068031 363.538044 349.627261
0.175935 372.206120 369.851830 374.594155 367.611682 376.759743 379.252119 365.185681
0.179312 386.280347 383.912809 388.681348 381.633619 390.870565 393.383043 379.213604
0.181809 396.611838 394.248560 399.029437 391.931746 401.221087 403.762472 389.522491
0.185170 410.414371 408.035635 412.872629 405.709016 415.057746 417.624827 403.297092
0.187546 420.106022 417.702532 422.564491 415.366663 424.782990 427.344762 412.959737
0.191709 436.901783 434.477206 439.384913 432.142091 441.635016 444.204795 429.728326
0.195409 451.641525 449.203675 454.159864 446.854340 456.422723 458.996229 444.447469
0.198143 462.415855 459.965915 464.943057 457.575926 467.204520 469.797422 455.200355
0.203369 482.697166 480.235448 485.243653 477.821033 487.536191 490.138374 475.460155
0.206847 495.965644 493.500735 498.537752 491.065730 500.842855 503.437450 488.712818
0.211104 511.936962 509.459129 514.539584 507.016284 516.832411 519.441274 504.678770
0.213583 521.100619 518.629401 523.711725 516.156232 526.018609 528.619302 513.841749
0.217425 535.096491 532.608741 537.712469 530.128861 540.047372 542.635572 527.839506
0.220717 546.909434 544.391891 549.542922 541.913665 551.873642 554.449381 539.641778
0.225391 563.372653 560.826713 566.008466 558.344683 568.351276 570.889318 556.080627
0.229350 576.998044 574.436537 579.652672 571.940624 582.007588 584.516711 569.713189
0.232573 587.899234 585.334835 590.558298 582.817327 592.931643 595.408987 580.612886
0.238236 606.617229 604.029187 609.281636 601.526803 611.683902 614.144271 599.331468
0.242057 618.916711 616.329157 621.603138 613.798517 624.013918 626.452789 611.649232
0.247053 634.645262 632.031639 637.346609 629.492584 639.765183 642.164126 627.377168
0.252788 652.167356 649.525415 654.870311 646.984576 657.303295 659.728270 644.907035
0.256778 664.033304 661.369629 666.740877 658.813048 669.150174 671.624212 656.774706
0.260304 674.306373 671.625230 677.015860 669.062151 679.422143 681.916977 667.031714
0.267422 694.410073 691.690530 697.123420 689.141208 699.530917 702.066186 687.115196
0.271479 705.490747 702.774713 708.233579 700.215303 710.614780 713.182589 698.197687
0.276805 719.639525 716.919048 722.399309 714.352828 724.763151 727.378442 712.352585
0.286573 744.468116 741.729224 747.259832 739.162553 749.636309 752.218930 737.189774
0.294454 763.476474 760.712098 766.303122 758.155852 768.670810 771.193838 756.179362
0.305081 787.734561 784.946327 790.591900 782.389273 792.937099 795.394231 780.398235
0.314981 808.963923 806.159249 811.865999 803.605775 814.196763 816.585835 801.611991
0.323396 826.057141 823.231161 828.987573 820.665331 831.298169 833.674224 818.679008
0.335196 848.594925 845.754185 851.551751 843.168304 853.873411 856.221735 841.203438
0.344245 864.840076 861.994266 867.815924 859.395104 870.140183 872.462700 857.431279
0.358203 888.255676 885.369355 891.241611 882.753234 893.571243 895.854984 880.809649
0.377595 917.727808 914.793799 920.750595 912.193679 923.101480 925.313315 910.258548
0.395696 942.383311 939.417115 945.458796 936.849623 947.857278 949.963573 934.945520
0.418463 969.996329 967.019485 973.118172 964.376862 975.530910 977.510299 962.592854
0.445223 998.269366 995.292973 1001.445094 992.614280 1003.910137 1005.791118 990.875468
0.487143 1035.173040 1032.155842 1038.402622 1029.460446 1040.899820 1042.817817 1027.774729
0.528015 1064.275549 1061.203990 1067.568005 1058.511836 1070.053149 1072.016805 1056.802572
0.595740 1101.517086 1098.407287 1104.859482 1095.679165 1107.393493 1109.309439 1093.933558
0.728310 1149.094895 1145.898576 1152.500744 1143.189680 1155.133549 1157.086267 1141.338168
0.835320 1173.171151 1169.947265 1176.629358 1167.234372 1179.297629 1181.279666 1165.365649
1.003008 1197.236859 1193.967022 1200.721268 1191.223110 1203.473833 1205.448639 1189.370477
1.301819 1219.957808 1216.646181 1223.497359 1213.892778 1226.274238 1228.272607 1211.952304
2.132274 1241.322062 1237.965607 1244.874496 1235.163627 1247.713384 1249.718960 1233.233051
