0.020056 -202.712612 -239.415436 -170.615826 -255.121475 -157.516633 -155.482290 -258.625375
0.030854 -447.951295 -529.056646 -377.024297 -563.763617 -348.077898 -343.582437 -571.506482
0.037510 -425.598373 -502.656540 -358.210657 -535.631621 -330.708692 -326.437557 -542.988115
0.045295 74.101532 62.364281 87.517857 57.573564 93.255542 94.529309 56.829820
0.053030 1426.703991 1200.722377 1685.013415 1108.484955 1795.483171 1820.007472 1094.165373
0.057996 2918.173969 2455.952185 3446.518909 2267.290173 3672.473255 3722.635150 2238.000964
0.062621 4841.258620 4074.431412 5717.784325 3761.440617 6092.643205 6175.861926 3712.849739
0.068153 7906.172105 6653.880428 9337.610421 6142.740808 9949.785694 10085.688686 6063.387921
0.074418 12482.988668 10505.755868 14743.074590 9698.721818 15709.632982 15924.209074 9573.432212
0.078265 15909.578106 13389.593469 18790.059252 12361.027988 20021.938624 20295.416008 12201.346293
0.083362 21193.022313 17836.170844 25030.088312 16466.026957 26671.065014 27035.362059 16253.316243
0.085191 23296.051182 19606.092172 27513.877436 18099.985981 29317.691761 29718.138780 17866.167529
0.089942 29267.755290 24631.913082 34566.778102 22739.731995 36832.981753 37336.079264 22445.976578
0.095818 37648.016324 31684.789511 44464.312803 29250.818618 47379.400455 48026.550301 28872.951965
0.099625 43640.221843 36727.864528 51541.426728 33906.493310 54920.491132 55670.643878 33468.483922
0.102301 48103.947843 40484.562293 56813.324919 37374.608030 60538.015835 61364.897712 36891.796993
0.105138 53054.422700 44650.910725 62660.099439 41220.904760 66768.105852 67680.083821 40688.406661
0.108263 58753.451353 49447.246387 69390.955867 45648.794188 73940.238334 74950.179645 45059.095919
0.110879 63712.823578 53621.082897 75248.238653 49502.003774 80181.525541 81276.715885 48862.529141
0.113529 68903.557671 57989.634900 81378.772129 53534.971146 86713.977799 87898.394166 52843.398009
0.117706 77396.541443 65137.379441 91409.438389 60133.638277 97402.256187 98732.662533 59356.822525
0.121672 85782.915665 72195.400764 101314.193090 66649.474573 107956.368234 109430.931997 65788.486228
0.125895 95022.736300 79971.687552 112226.913468 73828.400419 119584.528353 121217.919833 72874.673586
0.129539 103217.923916 86868.805115 121905.866603 80195.693304 129898.035245 131672.297744 79159.712785
0.131795 108383.560774 91216.235140 128006.758909 84209.161252 136398.903053 138261.960167 83121.334126
0.136014 118207.534030 99484.148171 139609.394651 91841.947461 148762.209500 150794.135611 90655.518808
0.139053 125395.889112 105533.909618 148099.224929 97426.976666 157808.634446 159964.124647 96168.399732
0.140825 129624.728864 109092.925750 153093.709949 100712.595316 163130.558724 165358.740484 99411.574246
0.144370 138157.082878 116273.804515 163170.874561 107341.851357 173868.383904 176243.232397 105955.192519
0.147169 144948.029117 121989.104368 171191.343825 112618.111731 182414.676451 184906.257783 111163.293336
0.150071 152029.860833 127949.215130 179555.364334 118120.377062 191327.043519 193940.357860 116594.479543
0.153819 161216.838132 135681.028659 190405.673917 125258.246008 202888.701181 205659.934889 123640.140380
0.156178 167016.202822 140561.807713 197255.032551 129764.092032 210187.104891 213058.026666 128087.779180
0.159301 174699.998929 147028.535208 206330.005072 135734.056672 219857.034102 222860.036341 133980.622882
0.161614 180393.098199 151819.880667 213053.858584 140157.339235 227021.704555 230122.568214 138346.764789
0.164444 187352.853466 157677.251180 221273.700303 145564.756646 235780.440448 239000.938684 143684.328335
0.168858 198181.233953 166790.479179 234062.594491 153977.922185 249407.776639 252814.409112 151988.811285
0.172208 206358.445779 173672.468213 243720.317260 160331.248689 259698.661300 263245.855797 158260.064523
0.175935 215408.842822 181289.335004 254409.318286 167363.000908 271088.434989 274791.201111 165200.979466
0.179312 223550.121523 188141.082511 264024.602121 173688.408987 281334.098412 285176.808885 171444.674933
0.181809 229531.453040 193175.005905 271088.873271 178335.635066 288861.504339 292807.030794 176031.867419
0.185170 237521.661958 199899.612204 280525.735644 184543.668705 298917.048960 302999.922956 182159.704707
0.187546 243125.364856 204615.721155 287144.007278 188897.494300 305969.215569 310148.414308 186457.286901
0.191709 252847.638246 212798.042988 298626.530061 196451.264279 318204.534432 322550.854000 193913.476098
0.195409 261379.250061 219978.297114 308702.818096 203079.943665 328941.425566 333434.399110 200456.525165
0.198143 267610.550869 225222.596117 316062.316294 207921.384662 336783.413675 341383.500043 205235.423670
0.203369 279348.130364 235101.011290 329925.022943 217040.957015 351554.961650 356356.810913 214237.187960
0.206847 287024.087822 241561.141733 338990.737604 223004.831378 361215.026052 366148.821037 220124.020060
0.211104 296269.566877 249342.190679 349910.140877 230188.153562 372850.307198 377943.027166 227214.546964
0.213583 301574.655475 253806.984099 356175.733115 234309.969251 379526.672693 384710.584378 231283.116393
0.217425 309677.629207 260626.493922 365745.776742 240605.616089 389724.129952 395047.327546 237497.435079
0.220717 316508.500181 266375.394664 373813.399245 245912.896189 398320.667112 403761.283831 242736.154905
0.225391 326021.163075 274381.307085 385048.360867 253303.808223 410292.194663 415896.329116 250031.589980
0.229350 333908.423820 281019.271602 394363.635963 259431.855753 420218.180725 425957.893093 256080.474432
0.232573 340213.618496 286325.760115 401810.406756 264330.708969 428153.163035 434001.258425 260916.043496
0.238236 351039.956422 295437.269082 414596.888570 272742.287529 441777.928697 447812.123212 269218.959968
0.242057 358162.974352 301432.042402 423009.552192 278276.552700 450742.127928 456898.763421 274681.732635
0.247053 367256.601718 309085.292084 433749.610531 285341.892939 462186.306257 468499.256481 281655.801703
0.252788 377390.290588 317613.863578 445718.036912 293215.314278 474939.384638 481426.527710 289427.512952
0.256778 384250.098115 323387.117492 453819.835027 298545.076781 483572.337967 490177.397568 294688.424750
0.260304 390185.815332 328382.651625 460830.233258 303156.862597 491042.339058 497749.430555 299240.634794
0.267422 401806.625101 338162.792717 474555.028640 312185.710116 505666.934281 512573.781461 308152.846248
0.271479 408218.422115 343558.998377 482127.702472 317167.388562 513736.073854 520753.136494 313070.170592
0.276805 416406.952665 350450.513315 491798.793258 323529.509206 524041.202940 531199.022168 319350.104366
0.286573 430772.995332 362541.058381 508765.854933 334691.279450 542120.627966 549525.392005 330367.685114
0.294454 441770.231767 371796.396529 521754.176990 343235.638480 555960.466551 563554.267372 338801.666778
0.305081 455798.622744 383602.771968 538322.454031 354135.068517 573614.962556 581449.904132 349560.296271
0.314981 468084.654290 393942.767576 552832.911769 363680.763494 589076.728287 597122.860364 358982.678466
0.323396 477967.976335 402260.628893 564505.641592 371359.661048 601514.724195 609730.745444 366562.378820
0.335196 491010.162721 413237.008814 579909.158477 381492.854391 617928.098178 626368.307836 376564.669985
0.344245 500405.470431 421144.154429 591005.517374 388792.586715 629751.936187 638353.646305 383770.103224
0.358203 513939.236269 432534.250474 606989.615777 399307.715224 646783.954708 655618.303231 394149.395657
0.377595 530984.920045 446879.997083 627121.476347 412551.446316 668235.663364 677363.018337 407222.042158
0.395696 545251.787054 458887.075339 643971.406287 423636.161525 686190.277479 695562.872485 418163.563281
0.418463 561226.822361 472331.757969 662838.773980 436048.046820 706294.592898 715941.790464 430415.109899
0.445223 577590.957503 486103.909283 682165.689307 448762.245220 726888.583969 736817.072518 442965.064293
0.487143 598938.860922 504070.428967 707378.700456 465348.607843 753754.564271 764050.012192 459337.161688
0.528015 615771.069323 518236.513458 727258.435236 478426.478152 774937.617728 785522.402568 472246.090021
0.595740 637310.166887 536363.943246 752697.256855 495161.390043 802044.212672 812999.243412 488764.817701
0.728310 664825.921093 559521.362027 785194.828348 516539.895846 836672.330291 848100.342553 509867.152620
0.835320 678753.752789 571243.106190 801644.339522 527361.195836 854200.274120 865867.698575 520548.661363
1.003008 692668.019997 582953.434402 818077.830312 538171.956828 871711.147267 883617.750747 531219.767252
1.301819 705813.911396 594017.093064 833603.828342 548385.724310 888255.032278 900387.606803 541301.591687
2.132274 718160.517389 604408.068479 848185.827728 557978.482912 903793.029939 916137.836208 550770.429532
