0.020056 -264.128615 -697.828128 -120.811568 -1520.212122 -66.979245 -37.471802 -3733.612989
0.030854 -341.312433 -731.630219 -178.410147 -1395.662940 -103.224772 -60.419769 -2966.085255
0.037510 -574.724272 -1130.175778 -317.265923 -2045.468622 -188.578698 -113.605648 -4078.431732
0.045295 5210.883621 3038.798772 9471.515600 1857.930367 15974.513452 30323.146752 1120.164527
0.053030 396.217095 238.014697 674.243528 149.379160 1070.945505 1914.752011 92.162761
0.057996 238.423607 146.104099 392.237240 93.583608 606.862982 1024.182211 57.771754
0.062621 170.367099 106.553376 273.557922 69.213540 411.539897 667.092835 42.998573
0.068153 125.504837 80.396707 195.857436 53.132119 287.325134 447.512290 33.464284
0.074418 96.089674 62.991506 145.185243 42.067480 208.768169 310.368603 27.139580
0.078265 83.694380 55.785877 124.531186 37.745802 177.222451 256.104869 24.518822
0.083362 71.784073 48.557656 104.745555 33.107485 146.194035 208.150635 21.946783
0.085191 68.230011 46.428540 99.002721 31.717313 137.477398 194.290600 21.208048
0.089942 60.667121 41.888762 86.671600 29.091055 118.524142 163.712045 19.626668
0.095818 53.545338 37.770106 75.389115 26.506232 101.901040 135.988400 18.182469
0.099625 49.972996 35.523872 69.666881 25.145055 93.065773 122.774012 17.464193
0.102301 47.892788 34.159626 66.238702 24.368044 87.577388 115.067414 17.028867
0.105138 45.796389 32.941252 62.837311 23.594603 82.708550 107.322851 16.575308
0.108263 43.745994 31.715943 59.702690 22.756327 77.760374 100.130941 16.035385
0.110879 42.203885 30.775834 57.369847 22.204266 74.537758 95.392665 15.675431
0.113529 40.771632 29.949770 55.190782 21.664886 71.126162 90.884882 15.410248
0.117706 38.809801 28.791808 52.192495 20.968024 66.813461 83.880712 15.057866
0.121672 37.261700 27.829006 49.660837 20.437142 63.001112 78.211539 14.788233
0.125895 35.786641 26.953440 47.307826 19.966640 59.450987 73.048958 14.561226
0.129539 34.746157 26.289610 45.536729 19.601778 56.916115 69.389335 14.389115
0.131795 34.073687 25.935113 44.613330 19.410417 55.655631 67.339496 14.281882
0.136014 33.005665 25.286551 42.939405 19.114660 53.375532 63.890478 14.120424
0.139053 32.370964 24.904342 41.930901 18.892736 51.960413 61.889970 14.027890
0.140825 31.964552 24.681828 41.352564 18.776771 51.209867 60.792357 13.974679
0.144370 31.305614 24.289563 40.330815 18.554494 49.678769 58.276395 13.930274
0.147169 30.804614 23.993622 39.554811 18.405687 48.586062 56.622538 13.899860
0.150071 30.389767 23.779096 38.874397 18.289961 47.502532 55.173143 13.883896
0.153819 29.868102 23.537785 38.072189 18.181183 46.274243 53.459093 13.885016
0.156178 29.589521 23.368580 37.642678 18.082370 45.619074 52.538085 13.897443
0.159301 29.295551 23.179676 37.112976 18.044219 44.818661 51.435303 13.926902
0.161614 29.101175 23.078648 36.748547 18.032371 44.301814 50.708422 13.957784
0.164444 28.842894 22.965047 36.360637 18.043520 43.596991 49.879706 14.005499
0.168858 28.472171 22.809650 35.812955 17.990210 42.690578 48.839813 14.100498
0.172208 28.288827 22.726760 35.454693 17.996085 42.133004 48.173576 14.188274
0.175935 28.048111 22.657348 35.095222 18.052869 41.561258 47.260934 14.300938
0.179312 27.876595 22.627198 34.816779 18.093794 41.121392 46.453974 14.370187
0.181809 27.736642 22.598923 34.641079 18.131033 40.815313 45.978782 14.370103
0.185170 27.620560 22.601877 34.468457 18.179243 40.406356 45.455927 14.399794
0.187546 27.548999 22.586689 34.329214 18.217550 40.198738 45.140798 14.529780
0.191709 27.438845 22.562993 34.127375 18.273207 39.774256 44.641340 14.704022
0.195409 27.386192 22.544986 33.948578 18.379575 39.413081 44.112787 14.779931
0.198143 27.353673 22.562378 33.886470 18.435265 39.261489 43.698393 14.841753
0.203369 27.290428 22.594728 33.786287 18.585231 38.886222 43.159194 14.971729
0.206847 27.264585 22.607810 33.714021 18.694735 38.724518 42.830469 15.066387
0.211104 27.260761 22.623502 33.646204 18.827533 38.588445 42.458345 15.190712
0.213583 27.262565 22.645013 33.617666 18.899730 38.549997 42.256130 15.267226
0.217425 27.277868 22.689750 33.585806 19.075865 38.488386 42.077214 15.391529
0.220717 27.286686 22.748930 33.556945 19.210726 38.411804 42.149249 15.503450
0.225391 27.327520 22.834577 33.610334 19.393364 38.363431 41.981806 15.749034
0.229350 27.367181 22.867851 33.636317 19.534484 38.267176 41.833642 15.997027
0.232573 27.452153 22.941406 33.667280 19.660912 38.261715 41.867070 16.133125
0.238236 27.580267 23.072724 33.813517 19.824905 38.302588 42.002400 16.335188
0.242057 27.681888 23.161016 33.864846 19.971961 38.400158 42.002339 16.479074
0.247053 27.795321 23.256209 34.005302 20.159402 38.560479 41.871939 16.694555
0.252788 27.991786 23.415094 34.117029 20.463816 38.617442 41.945250 16.991221
0.256778 28.120918 23.532383 34.238343 20.593050 38.720244 42.058753 17.202814
0.260304 28.241039 23.615407 34.306708 20.728032 38.676413 42.142107 17.393339
0.267422 28.500586 23.827808 34.522267 20.976691 38.907081 42.328404 17.787646
0.271479 28.642582 23.926900 34.643438 21.125038 39.049062 42.546069 18.018084
0.276805 28.885327 24.124130 34.824746 21.362896 39.285951 42.897825 18.326697
0.286573 29.253576 24.448679 35.202319 21.690733 39.684234 43.380465 18.952478
0.294454 29.615549 24.719837 35.552783 21.993521 40.214757 43.897347 19.509750
0.305081 30.088427 25.121129 36.088574 22.419822 40.842684 44.590210 20.075759
0.314981 30.570836 25.543938 36.613566 22.732529 41.499979 45.282448 20.701856
0.323396 31.007400 25.873769 37.115043 23.042255 42.111651 45.892611 20.978772
0.335196 31.595866 26.399285 37.857805 23.470477 43.014945 46.830679 21.414295
0.344245 32.123283 26.794792 38.407100 23.817249 43.766190 47.596346 21.697198
0.358203 32.905452 27.457747 39.315327 24.279588 44.890422 49.029941 22.031971
0.377595 33.998046 28.421920 40.637654 25.017804 46.684484 50.990958 22.399651
0.395696 35.085783 29.319965 41.971164 25.639164 48.494897 52.856296 22.656066
0.418463 36.483449 30.350805 43.727758 26.287163 50.776929 55.263459 22.886793
0.445223 38.088939 31.606604 45.758078 27.046819 53.337718 58.205417 23.353101
0.487143 40.507700 33.455890 48.908906 28.311394 57.222936 62.578218 23.941784
0.528015 42.823821 35.197973 51.920569 29.444539 61.001805 67.688879 24.571672
0.595740 46.627637 38.018903 57.080660 31.300539 67.210819 75.633077 25.580473
0.728310 53.701229 43.289832 66.738239 34.801901 79.568459 90.017339 27.492026
0.835320 59.322848 47.219429 74.157674 36.954266 89.973376 103.246578 28.958869
1.003008 67.308127 52.586006 85.672416 40.728320 105.231653 125.843652 31.005078
1.301819 80.274915 61.366188 104.929985 46.070770 131.915323 166.758085 34.219259
2.132274 110.053209 80.261888 152.562235 57.175148 203.827745 275.989117 40.547279
