0.062701 12.067961 1.257181
0.084802 11.055688 1.367800
0.103409 13.460398 1.473315
0.118455 10.210177 1.134159
0.133431 11.055630 1.314597
0.143556 14.062513 2.015243
0.155334 10.782115 1.230317
0.169637 13.409521 1.406845
0.182900 10.249946 1.154065
0.191660 10.584134 1.284694
0.204316 10.027902 1.251619
0.213733 10.657576 1.202618
0.223198 12.666376 1.348640
0.233379 14.487630 1.509564
0.245134 12.020869 1.264905
0.254661 15.233951 1.751868
0.261096 13.148295 1.442265
0.272816 13.515917 1.455937
0.283282 10.357239 1.204661
0.295076 13.022849 1.647320
0.301656 10.218721 1.252853
0.308868 12.035481 1.415584
0.318309 13.730324 1.510314
0.326706 12.915736 1.454625
0.332909 10.931116 1.230687
0.345213 12.711736 1.400114
0.353826 11.863787 1.461423
0.368011 10.598999 1.178673
0.376878 11.442549 1.316540
0.386190 13.930422 1.681821
0.398021 13.000624 1.445618
0.408618 11.372704 1.269345
0.418293 13.390261 1.438036
0.427321 12.245633 1.405675
0.437576 13.233602 1.585606
0.448708 9.066011 1.202704
0.459016 13.824550 1.520744
0.470554 13.899056 1.545568
0.478827 12.489281 1.451255
0.491681 8.073697 1.365464
0.500815 14.681372 1.653689
0.513597 13.843824 1.599341
0.522635 13.246560 1.478799
0.536245 13.434201 1.465353
0.545066 8.802734 1.602501
0.555348 12.439921 1.409193
0.567257 14.276215 1.520114
0.578054 11.653604 1.247301
0.587806 13.336418 1.386447
0.598701 12.721259 1.382604
0.609912 12.256323 1.470403
0.619665 15.477929 1.658197
0.634131 13.258039 1.435009
0.643321 12.211919 1.275513
0.655655 12.929184 1.379231
0.661867 14.217091 1.481941
0.673064 11.469142 1.206912
0.683792 13.069489 2.147125
0.694734 11.701676 1.378453
0.701578 11.992167 1.352025
0.713050 11.903969 1.439242
0.725822 14.091743 1.494260
0.739895 15.456132 1.664118
0.749415 10.520346 1.258049
0.757464 12.735138 1.559268
0.765142 14.179018 1.460229
0.775611 11.862613 1.303130
0.789978 11.916776 1.255564
0.803367 13.477141 1.604924
0.814752 11.198390 1.181443
0.825105 10.780919 1.332715
0.838008 11.712913 1.230102
0.851565 12.056237 1.346790
0.869836 9.992865 1.312984
0.882478 14.641197 1.483350
0.895896 10.885584 1.186316
0.909345 14.151042 1.488212
0.921827 13.331039 1.374796
0.933923 15.680128 1.670457
0.946981 10.791579 1.269322
0.965069 15.917167 1.676434
0.980322 9.580231 1.149823
0.994056 9.512275 0.990537
1.016566 11.622340 1.206247
1.040491 13.759478 1.486318
1.058298 12.057191 1.277428
1.082319 12.174357 1.273584
1.097819 13.270970 1.371124
1.127238 14.742572 1.507516
1.151633 9.639266 1.308142
1.184171 13.121746 1.400610
1.223852 11.770628 1.257518
1.262528 15.740821 1.859021
1.319128 18.070481 1.853065
1.369479 11.631843 1.186015
1.428013 9.548991 0.979525
1.476261 11.774528 1.194021
1.591814 15.160684 1.568274
1.800906 10.342167 1.081255
