0.013288 46842.058820 9368.411764
0.020517 27879.755012 5575.951002
0.025065 36274.056966 7254.811393
0.029660 30348.428905 6069.685781
0.034630 24024.155771 4804.831154
0.039143 23408.565055 4681.713011
0.042663 27542.205875 5508.441175
0.046204 25275.911856 5055.182371
0.048861 31846.161102 6369.232220
0.051499 30440.775432 6088.155086
0.053791 33538.462590 6707.692518
0.056108 31806.033507 6361.206701
0.058507 29468.575886 5893.715177
0.060959 27665.191675 5533.038335
0.062556 41399.816001 8279.963200
0.064997 26066.947070 5213.389414
0.067001 30794.605557 6158.921111
0.069455 24256.923370 4851.384674
0.071223 32842.140885 6568.428177
0.072586 41811.984717 8362.396943
0.074521 28666.739334 5733.347867
0.075739 44834.069330 8966.813866
0.077488 30511.025813 6102.205163
0.079071 33051.619934 6610.323987
0.081060 25650.269077 5130.053815
0.082948 26399.104848 5279.820970
0.084354 34871.889805 6974.377961
0.085534 40970.769324 8194.153865
0.087241 27758.020512 5551.604102
0.088674 32542.719876 6508.543975
0.090138 31350.551489 6270.110298
0.091785 27346.913967 5469.382793
0.093414 27181.692509 5436.338502
0.094751 32641.885392 6528.377078
0.096385 26252.922404 5250.584481
0.097464 39324.254632 7864.850926
0.098546 38792.425394 7758.485079
0.099918 30150.701333 6030.140267
0.101008 37560.823576 7512.164715
0.103003 20127.582225 4025.516445
0.104521 26060.953768 5212.190754
0.105775 31172.066104 6234.413221
0.106656 44027.492254 8805.498451
0.108016 28152.627712 5630.525542
0.109211 31665.568539 6333.113708
0.110128 40954.853653 8190.970731
0.111828 21759.890136 4351.978027
0.113356 23865.762738 4773.152548
0.114613 28710.017126 5742.003425
0.115971 26246.070328 5249.214066
0.117343 25696.115196 5139.223039
0.118592 27909.521013 5581.904203
0.119674 31930.798029 6386.159606
0.120885 28261.978843 5652.395769
0.121987 30749.293070 6149.858614
0.123013 32771.156496 6554.231299
0.124390 24143.850291 4828.770058
0.125506 29506.401989 5901.280398
0.126685 27689.987059 5537.997412
0.128116 22552.279877 4510.455975
0.129429 24340.243310 4868.048662
0.130972 20459.719948 4091.943990
0.132113 27436.545064 5487.309013
0.133398 24128.375042 4825.675008
0.134353 32213.948214 6442.789643
0.135384 29618.820954 5923.764191
0.136480 27654.066036 5530.813207
0.137567 27651.187101 5530.237420
0.138465 33262.221769 6652.444354
0.139240 38320.304213 7664.060843
0.140427 24810.796306 4962.159261
0.141689 23122.063404 4624.412681
0.142604 31675.237361 6335.047472
0.143784 24382.687100 4876.537420
0.145040 22690.001350 4538.000270
0.145724 41529.458273 8305.891655
0.146733 27913.684637 5582.736927
0.147751 27482.808756 5496.561751
0.148944 23285.767827 4657.153565
0.150063 24615.544328 4923.108866
0.151144 25316.283549 5063.256710
0.152063 29595.876376 5919.175275
0.153291 21953.952146 4390.790429
0.154036 36071.899152 7214.379830
0.155095 25164.943036 5032.988607
0.156063 27374.413139 5474.882628
0.157295 21335.540722 4267.108144
0.158052 34550.135531 6910.027106
0.158721 38939.004777 7787.800955
0.159758 24964.679907 4992.935981
0.160613 30103.476645 6020.695329
0.161453 30509.997935 6101.999587
0.162493 24465.025555 4893.005111
0.163133 39594.404343 7918.880869
0.164147 24846.137759 4969.227552
0.165120 25739.386474 5147.877295
0.165775 38057.135687 7611.427137
0.166664 27932.754411 5586.550882
0.167739 22914.207426 4582.841485
0.168473 33452.025820 6690.405164
0.169213 33030.708001 6606.141600
0.170124 26675.571580 5335.114316
0.170873 32307.782213 6461.556443
0.171777 26619.713436 5323.942687
0.172616 28573.291970 5714.658394
0.173405 30195.908405 6039.181681
0.174552 20659.249231 4131.849846
0.175508 24649.783029 4929.956606
0.176210 33405.939191 6681.187838
0.176971 30706.087088 6141.217418
0.177992 22760.539499 4552.107900
0.178729 31398.963395 6279.792679
0.179449 32008.232348 6401.646470
0.180269 27962.514759 5592.502952
0.181205 24368.222748 4873.644550
0.182095 25533.458323 5106.691665
0.182833 30627.266556 6125.453311
0.183913 20820.643537 4164.128707
0.184657 30086.483314 6017.296663
0.185431 28806.928888 5761.385778
0.186213 28392.646756 5678.529351
0.187022 27348.276912 5469.655382
0.187830 27231.809481 5446.361896
0.188557 30180.121781 6036.024356
0.189327 28369.658822 5673.931764
0.190017 31510.132425 6302.026485
0.190655 34019.034013 6803.806803
0.191636 21987.221529 4397.444306
0.192225 36518.466780 7303.693356
0.192956 29312.874279 5862.574856
0.193907 22434.147056 4486.829411
0.194809 23531.568412 4706.313682
0.195673 24460.491307 4892.098261
0.196596 22787.246563 4557.449313
0.197527 22464.989864 4492.997973
0.198440 22838.942182 4567.788436
0.199058 33607.525608 6721.505122
0.199832 26731.173615 5346.234723
0.200511 30378.441561 6075.688312
0.201194 30069.698695 6013.939739
0.201940 27464.936329 5492.987266
0.202695 27020.389140 5404.077828
0.203287 34324.752467 6864.950493
0.203868 34893.115873 6978.623175
0.204549 29709.084005 5941.816801
0.205251 28675.615241 5735.123048
0.205866 32669.496159 6533.899232
0.206655 25353.312131 5070.662426
0.207637 20294.870279 4058.974056
0.208446 24492.337181 4898.467436
0.209386 21007.334415 4201.466883
0.210063 29102.815974 5820.563195
0.210872 24226.465761 4845.293152
0.211689 23913.755244 4782.751049
0.212279 33028.372054 6605.674411
0.212936 29546.270253 5909.254051
0.213723 24567.351452 4913.470290
0.214478 25547.748718 5109.549744
0.215227 25662.117241 5132.423448
0.215904 28264.012963 5652.802593
0.216586 28015.494533 5603.098907
0.217476 21353.484102 4270.696820
0.218358 21477.560131 4295.512026
0.219015 28711.287298 5742.257460
0.219561 34500.850805 6900.170161
0.220551 18943.954590 3788.790918
0.221350 23354.198749 4670.839750
0.222307 19437.234586 3887.446917
0.223167 21539.975385 4307.995077
0.223949 23611.612088 4722.322418
0.224394 41458.478043 8291.695609
0.225193 22971.253088 4594.250618
0.225710 35413.288790 7082.657758
0.226439 25061.854080 5012.370816
0.226986 33306.106640 6661.221328
0.227718 24811.344821 4962.268964
0.228504 23024.972307 4604.994461
0.229340 21554.215429 4310.843086
0.230052 25225.221628 5045.044326
0.230760 25314.799409 5062.959882
0.231290 33721.555194 6744.311039
0.232063 23061.681146 4612.336229
0.232744 26098.044784 5219.608957
0.233279 33104.640247 6620.928049
0.234190 19376.993972 3875.398794
0.234940 23467.977867 4693.595573
0.235610 26203.369945 5240.673989
0.236561 18385.005713 3677.001143
0.237322 22886.086221 4577.217244
0.238082 22849.981917 4569.996383
0.238685 28734.582974 5746.916595
0.239452 22511.157860 4502.231572
0.240149 24674.479590 4934.895918
0.240683 32222.208991 6444.441798
0.241248 30308.877742 6061.775548
0.241781 32111.608694 6422.321739
0.242405 27332.837839 5466.567568
0.243148 22881.920227 4576.384045
0.243917 22025.607716 4405.121543
0.244597 24864.570346 4972.914069
0.245263 25333.251498 5066.650300
0.245847 28777.676871 5755.535374
0.246515 25107.876911 5021.575382
0.247164 25756.658870 5151.331774
0.247729 29585.114715 5917.022943
0.248450 23056.424151 4611.284830
0.249199 22156.009649 4431.201930
0.249872 24578.255163 4915.651033
0.250592 22933.659722 4586.731944
0.251403 20274.059904 4054.811981
0.252110 23181.460632 4636.292126
0.252776 24589.752418 4917.950484
0.253646 18728.637793 3745.727559
0.254379 22179.791681 4435.958336
0.255109 22191.001861 4438.200372
0.255812 23010.607765 4602.121553
0.256438 25723.533090 5144.706618
0.257010 28118.144600 5623.628920
0.257620 26314.345301 5262.869060
0.258429 19771.107844 3954.221569
0.259051 25677.122921 5135.424584
0.259791 21505.223999 4301.044800
0.260408 25746.745806 5149.349161
0.260943 29588.197464 5917.639493
0.261770 19114.766647 3822.953329
0.262447 23253.250839 4650.650168
0.263194 21037.427265 4207.485453
0.263885 22666.775732 4533.355146
0.264553 23385.659785 4677.131957
0.265187 24596.274216 4919.254843
0.265802 25278.646458 5055.729292
0.266643 18446.507246 3689.301449
0.267451 19123.892918 3824.778584
0.268289 18406.454624 3681.290925
0.268938 23667.130568 4733.426114
0.269732 19315.204236 3863.040847
0.270342 25062.928183 5012.585637
0.271057 21338.548042 4267.709608
0.271660 25206.101750 5041.220350
0.272189 28756.136979 5751.227396
0.273070 17180.656662 3436.131332
0.273518 33707.997447 6741.599489
0.274383 17427.760941 3485.552188
0.274964 25885.001833 5177.000367
0.275665 21392.838048 4278.567610
0.276254 25403.754903 5080.750981
0.276795 27626.577165 5525.315433
0.277451 22701.492816 4540.298563
0.278064 24269.164868 4853.832974
0.278700 23298.897397 4659.779479
0.279193 30035.707032 6007.141406
0.279805 24167.226045 4833.445209
0.280286 30660.204483 6132.040897
0.281064 18896.494965 3779.298993
0.281856 18535.504920 3707.100984
0.282425 25692.669344 5138.533869
0.283015 24788.923149 4957.784630
0.283539 27808.930786 5561.786157
0.284073 27235.436161 5447.087232
0.284813 19616.323276 3923.264655
0.285449 22797.703237 4559.540647
0.286113 21746.498447 4349.299689
0.286932 17596.150771 3519.230154
0.287529 24104.136566 4820.827313
0.288372 17003.699669 3400.739934
0.288855 29584.870855 5916.974171
0.289407 25881.014614 5176.202923
0.290086 20988.213875 4197.642775
0.290735 21926.106153 4385.221231
0.291378 22059.485179 4411.897036
0.292074 20334.655844 4066.931169
0.292836 18540.483964 3708.096793
0.293426 23851.967047 4770.393409
0.294119 20302.623369 4060.524674
0.294824 19893.679651 3978.735930
0.295405 24087.709356 4817.541871
0.295921 27038.023511 5407.604702
0.296713 17605.646640 3521.129328
0.297378 20907.925489 4181.585098
0.297916 25788.940834 5157.788167
0.298761 16380.245721 3276.049144
0.299349 23454.615419 4690.923084
0.299927 23877.300222 4775.460044
0.300347 32772.155174 6554.431035
0.300904 24641.630445 4928.326089
0.301524 22126.818270 4425.363654
0.302220 19657.926107 3931.585221
0.302909 19815.832602 3963.166520
0.303434 25918.142671 5183.628534
0.304058 21814.620391 4362.924078
0.304711 20765.517433 4153.103487
0.305179 28954.009818 5790.801964
0.305901 18717.697078 3743.539416
0.306634 18389.714656 3677.942931
0.307224 22790.792405 4558.158481
0.307773 24503.030117 4900.606023
0.308292 25815.849491 5163.169898
0.308828 24970.905169 4994.181034
0.309430 22213.827753 4442.765551
0.310124 19199.092594 3839.818519
0.310787 20043.244061 4008.648812
0.311513 18282.679393 3656.535879
0.311997 27399.580372 5479.916074
0.312488 26922.201093 5384.440219
0.313025 24608.204898 4921.640980
0.313555 24862.707528 4972.541506
0.314215 19949.396965 3989.879393
0.314794 22679.962409 4535.992482
0.315491 18796.189451 3759.237890
0.316037 23937.397947 4787.479589
0.316761 18048.272381 3609.654476
0.317405 20218.166374 4043.633275
0.318053 20038.329505 4007.665901
0.318642 22053.938473 4410.787695
0.319209 22839.868605 4567.973721
0.319838 20540.247667 4108.049533
0.320439 21470.390323 4294.078065
0.321026 21948.868718 4389.773744
0.321401 34291.541922 6858.308384
0.321961 22905.265108 4581.053022
0.322550 21779.186339 4355.837268
0.322973 30217.982469 6043.596494
0.323618 19813.893670 3962.778734
0.323987 34606.887085 6921.377417
0.324564 22072.511683 4414.502337
0.325066 25303.047321 5060.609464
0.325709 19749.566870 3949.913374
0.326500 16007.294335 3201.458867
0.327108 20796.235081 4159.247016
0.327832 17407.481068 3481.496214
0.328300 26936.164975 5387.232995
0.329096 15762.783988 3152.556798
0.329820 17322.473590 3464.494718
0.330333 24378.032143 4875.606429
0.330947 20348.950716 4069.790143
0.331645 17861.948798 3572.389760
0.332048 30890.816925 6178.163385
0.332457 30413.729402 6082.745880
0.332872 29940.396926 5988.079385
0.333382 24314.669466 4862.933893
0.333895 24118.316012 4823.663202
0.334366 26266.078157 5253.215631
0.334970 20419.079741 4083.815948
0.335778 15234.566342 3046.913268
0.336330 22262.997299 4452.599460
0.336946 19938.205327 3987.641065
0.337441 24726.512935 4945.302587
0.338047 20193.601298 4038.720260
0.338734 17748.567169 3549.713434
0.339316 20950.890077 4190.178015
0.339969 18603.470288 3720.694058
0.340537 21390.645791 4278.129158
0.341074 22547.083003 4509.416601
0.341889 14839.243189 2967.848638
0.342522 19078.170757 3815.634151
0.343071 21924.944193 4384.988839
0.343604 22582.733165 4516.546633
0.344170 21207.906581 4241.581316
0.344721 21762.142900 4352.428580
0.345315 20175.314013 4035.062803
0.345980 17955.475655 3591.095131
0.346588 19606.946235 3921.389247
0.347225 18701.310027 3740.262005
0.347823 19869.118469 3973.823694
0.348445 19077.705560 3815.541112
0.348923 24791.844007 4958.368801
0.349537 19246.530271 3849.306054
0.349934 29818.931342 5963.786268
0.350457 22552.796779 4510.559356
0.351037 20298.380532 4059.676106
0.351527 23990.409121 4798.081824
0.352236 16549.735357 3309.947071
0.352878 18238.006043 3647.601209
0.353296 27995.093123 5599.018625
0.353839 21527.044501 4305.408900
0.354361 22338.991625 4467.798325
0.355080 16185.877437 3237.175487
0.355917 13885.172774 2777.034555
0.356589 17254.148369 3450.829674
0.357291 16466.301083 3293.260217
0.357738 25863.216143 5172.643229
0.358505 15032.617018 3006.523404
0.359004 23095.257974 4619.051595
0.359673 17160.603116 3432.120623
0.360082 28107.597237 5621.519447
0.360601 22054.898319 4410.979664
0.361188 19521.864064 3904.372813
0.361843 17424.944964 3484.988993
0.362416 19915.300842 3983.060168
0.362783 31009.762083 6201.952417
0.363268 23469.260674 4693.852135
0.363792 21673.941370 4334.788274
0.364395 18826.844815 3765.368963
0.364891 22836.991536 4567.398307
0.365499 18598.682296 3719.736459
0.366087 19218.485419 3843.697084
0.366654 19879.586656 3975.917331
0.367123 24012.033719 4802.406744
0.367511 28945.610139 5789.122028
0.368034 21480.998962 4296.199792
0.368436 27918.249024 5583.649805
0.369016 19311.905574 3862.381115
0.369542 21258.549491 4251.709898
0.370021 23314.220575 4662.844115
0.370532 21821.725393 4364.345079
0.371080 20346.361494 4069.272299
0.371640 19846.376795 3969.275359
0.372172 20879.810013 4175.962003
0.372794 17835.343808 3567.068762
0.373254 24074.035518 4814.807104
0.373707 24415.727981 4883.145596
0.374095 28438.105909 5687.621182
0.374612 21379.243736 4275.848747
0.375110 22114.841113 4422.968223
0.375628 21239.906900 4247.981380
0.376345 15309.666018 3061.933204
0.376772 25732.244617 5146.448923
0.377221 24407.267788 4881.453558
0.377916 15716.815862 3143.363172
0.378344 25558.272150 5111.654430
0.378865 20926.932860 4185.386572
0.379390 20768.273638 4153.654728
0.380070 15999.168293 3199.833659
0.380756 15822.381572 3164.476314
0.381153 27288.265986 5457.653197
0.381860 15322.688252 3064.537650
0.382265 26636.107441 5327.221488
0.382839 18840.328246 3768.065649
0.383377 20003.407790 4000.681558
0.383899 20632.520499 4126.504100
0.384600 15348.087761 3069.617552
0.385113 20893.018649 4178.603730
0.385741 17073.360780 3414.672156
0.386229 21934.470134 4386.894027
0.386675 23976.978062 4795.395612
0.387167 21696.146189 4339.229238
0.387621 23476.307773 4695.261555
0.388299 15688.876789 3137.775358
0.388894 17885.624272 3577.124854
0.389565 15796.764861 3159.352972
0.390141 18385.384003 3677.076801
0.390689 19308.136240 3861.627248
0.391191 21055.549035 4211.109807
0.391781 17878.747533 3575.749507
0.392194 25519.871769 5103.974354
0.392565 28396.908375 5679.381675
0.393154 17850.080651 3570.016130
0.393675 20133.165472 4026.633094
0.394090 25288.081315 5057.616263
0.394538 23382.811914 4676.562383
0.395217 15415.299566 3083.059913
0.395690 22053.876117 4410.775223
0.396128 23831.488118 4766.297624
0.396749 16774.993627 3354.998725
0.397345 17440.863808 3488.172762
0.398008 15676.543073 3135.308615
0.398493 21368.712489 4273.742498
0.399068 18009.961222 3601.992244
0.399710 16111.914002 3222.382800
0.400210 20656.229051 4131.245810
0.400581 27851.905060 5570.381012
0.401185 17040.519291 3408.103858
0.401888 14628.097305 2925.619461
0.402523 16166.803031 3233.360606
0.402938 24721.998734 4944.399747
0.403408 21796.865068 4359.373014
0.404052 15879.023287 3175.804657
0.404617 18101.053638 3620.210728
0.405170 18441.792784 3688.358557
0.405669 20407.488315 4081.497663
0.406352 14888.804954 2977.760991
0.406854 20243.639243 4048.727849
0.407424 17810.600872 3562.120174
0.407968 18604.339835 3720.867967
0.408680 14198.565788 2839.713158
0.409252 17684.084793 3536.816959
0.409840 17149.014198 3429.802840
0.410546 14244.984215 2848.996843
0.411128 17267.397352 3453.479470
0.411909 12848.890015 2569.778003
0.412426 19412.023013 3882.404603
0.412964 18593.781671 3718.756334
0.413400 22920.060704 4584.012141
0.414021 16068.135563 3213.627113
0.414602 17173.943869 3434.788774
0.415045 22460.339515 4492.067903
0.415562 19248.720326 3849.744065
0.416220 15077.946704 3015.589341
0.416840 15991.977737 3198.395547
0.417362 18973.494975 3794.698995
0.417732 26772.618896 5354.523779
0.418347 16053.414713 3210.682943
0.418835 20225.558354 4045.111671
0.419473 15443.701851 3088.740370
0.420023 17900.795982 3580.159196
0.420521 19731.829489 3946.365898
0.421190 14653.790176 2930.758035
0.421540 28017.438019 5603.487604
0.422176 15397.488052 3079.497610
0.422820 15188.077056 3037.615411
0.423309 19947.320957 3989.464191
0.423830 18720.560147 3744.112029
0.424250 23210.625127 4642.125025
0.424638 25080.653892 5016.130778
0.425136 19528.051056 3905.610211
0.425522 25145.002342 5029.000468
0.426176 14812.986796 2962.597359
0.426642 20806.986711 4161.397342
0.427100 21142.892653 4228.578531
0.427562 20913.276072 4182.655214
0.428254 13939.028239 2787.805648
0.428812 17269.521332 3453.904266
0.429292 20085.227427 4017.045485
0.429906 15647.118378 3129.423676
0.430390 19823.849819 3964.769964
0.431090 13700.871811 2740.174362
0.431623 17958.160487 3591.632097
0.432140 18495.741514 3699.148303
0.432670 18020.457473 3604.091495
0.433160 19480.570200 3896.114040
0.433638 19926.320665 3985.264133
0.434112 20115.267571 4023.053514
0.434599 19511.129863 3902.225973
0.435044 21336.962142 4267.392428
0.435652 15595.098124 3119.019625
0.436145 19237.302245 3847.460449
0.436628 19593.483555 3918.696711
0.437163 17656.452089 3531.290418
0.437669 18687.433385 3737.486677
0.438267 15749.273760 3149.854752
0.438741 19884.981078 3976.996216
0.439262 18056.495746 3611.299149
0.439805 17326.302468 3465.260494
0.440348 17258.759719 3451.751944
0.440942 15779.493484 3155.898697
0.441624 13735.035599 2747.007120
0.442021 23500.168725 4700.033745
0.442536 18150.936140 3630.187228
0.443101 16509.573342 3301.914668
0.443659 16698.332771 3339.666554
0.444320 14061.667081 2812.333416
0.444810 18956.058760 3791.211752
0.445451 14479.262925 2895.852585
0.445884 21374.985883 4274.997177
0.446396 18103.347262 3620.669452
0.446983 15750.817291 3150.163458
0.447807 11200.246859 2240.049372
0.448464 14021.647262 2804.329452
0.448881 22061.928720 4412.385744
0.449416 17200.902497 3440.180499
0.449997 15797.141550 3159.428310
0.450820 11138.064118 2227.612824
0.451739 9958.444771 1991.688954
0.452182 20627.655746 4125.531149
0.452636 20084.443816 4016.888763
0.453189 16492.342068 3298.468414
0.453815 14555.123029 2911.024606
0.454328 17721.098108 3544.219622
0.454837 17863.029958 3572.605992
0.455261 21388.876838 4277.775368
0.455653 23138.969352 4627.793870
0.456302 13949.350820 2789.870164
0.456939 14211.430372 2842.286074
0.457730 11400.651933 2280.130387
0.458344 14682.740825 2936.548165
0.458864 17323.549222 3464.709844
0.459314 20024.330366 4004.866073
0.459827 17491.289537 3498.257907
0.460285 19623.111391 3924.622278
0.460918 14167.354995 2833.470999
0.461529 14643.571821 2928.714364
0.462285 11832.172018 2366.434404
0.462923 13971.152469 2794.230494
0.463439 17285.987368 3457.197474
0.464076 13988.250100 2797.650020
0.464716 13895.000277 2779.000055
0.465314 14854.186898 2970.837380
0.465879 15691.899396 3138.379879
0.466344 19056.535841 3811.307168
0.466889 16228.017989 3245.603598
0.467480 14961.226034 2992.245207
0.468302 10735.020075 2147.004015
0.468745 19906.725088 3981.345018
0.469448 12514.211076 2502.842215
0.469955 17333.735188 3466.747038
0.470565 14412.037837 2882.407567
0.471040 18454.348735 3690.869747
0.471322 31152.124356 6230.424871
0.472034 12280.677311 2456.135462
0.472447 21177.769756 4235.553951
0.473069 14057.126079 2811.425216
0.473654 14913.192851 2982.638570
0.474191 16207.783410 3241.556682
0.474857 13062.626408 2612.525282
0.475359 17347.769112 3469.553822
0.476029 12947.714024 2589.542805
0.476648 14006.840172 2801.368034
0.477302 13233.396130 2646.679226
0.477728 20285.436900 4057.087380
0.478277 15750.259292 3150.051858
0.478778 17213.557949 3442.711590
0.479392 14036.201371 2807.240274
0.480151 11337.769405 2267.553881
0.480702 15614.087162 3122.817432
0.481342 13410.796395 2682.159279
0.481854 16732.349994 3346.469999
0.482386 16106.893556 3221.378711
0.482859 18100.685541 3620.137108
0.483357 17155.519687 3431.103937
0.483984 13629.435797 2725.887159
0.484557 14859.829446 2971.965889
0.485105 15558.876106 3111.775221
0.485625 16358.969391 3271.793878
0.486208 14570.764754 2914.152951
0.486541 25560.142510 5112.028502
0.487151 13887.552318 2777.510464
0.487593 19195.106321 3839.021264
0.488347 11220.112275 2244.022455
0.488933 14406.099178 2881.219836
0.489581 13025.277995 2605.055599
0.490159 14588.937222 2917.787444
0.490695 15699.326788 3139.865358
0.491411 11752.548912 2350.509782
0.492032 13525.226176 2705.045235
0.492646 13653.994202 2730.798840
0.493001 23621.177126 4724.235425
0.493532 15771.821759 3154.364352
0.494123 14135.110018 2827.022004
0.494653 15769.989778 3153.997956
0.495133 17384.631895 3476.926379
0.495544 20295.116038 4059.023208
0.496023 17360.316813 3472.063363
0.496600 14421.657850 2884.331570
0.497446 9825.225544 1965.045109
0.498002 14914.400778 2982.880156
0.498431 19342.503578 3868.500716
0.499035 13696.501870 2739.300374
0.499757 11451.773614 2290.354723
0.500228 17551.095233 3510.219047
0.500669 18677.432696 3735.486539
0.501180 16152.266094 3230.453219
0.501673 16695.212211 3339.042442
0.502311 12897.466892 2579.493378
0.503008 11774.207331 2354.841466
0.503496 16841.038819 3368.207764
0.504121 13096.199962 2619.239992
0.504596 17263.348032 3452.669606
0.505083 16772.918899 3354.583780
0.505622 15179.340234 3035.868047
0.506274 12509.111386 2501.822277
0.506832 14608.875676 2921.775135
0.507374 15029.627116 3005.925423
0.507742 22088.212947 4417.642589
0.508151 19904.870614 3980.974123
0.508814 12233.484740 2446.696948
0.509227 19680.133192 3936.026638
0.509713 16658.612757 3331.722551
0.510106 20637.238710 4127.447742
0.510852 10838.490050 2167.698010
0.511392 14964.718586 2992.943717
0.511851 17580.401324 3516.080265
0.512360 15824.396270 3164.879254
0.513101 10866.862486 2173.372497
0.513642 14888.169356 2977.633871
0.514049 19705.173410 3941.034682
0.514460 19538.437816 3907.687563
0.515042 13802.248864 2760.449773
0.515416 21411.648928 4282.329786
0.516112 11505.652940 2301.130588
0.516706 13443.168792 2688.633758
0.517283 13844.129518 2768.825904
0.517928 12364.696725 2472.939345
0.518545 12924.341327 2584.868265
0.519048 15806.545585 3161.309117
0.519694 12316.767694 2463.353539
0.520320 12674.212292 2534.842458
0.521025 11243.646280 2248.729256
0.521618 13357.286147 2671.457229
0.522154 14777.739532 2955.547906
0.522719 13978.189614 2795.637923
0.523249 14891.195675 2978.239135
0.523826 13685.372294 2737.074459
0.524401 13686.898743 2737.379749
0.524928 14946.451612 2989.290322
0.525600 11687.277180 2337.455436
0.525986 20357.731268 4071.546254
0.526501 15228.366359 3045.673272
0.527070 13782.173852 2756.434770
0.527757 11400.281905 2280.056381
0.528270 15225.283431 3045.056686
0.528919 12035.754871 2407.150974
0.529520 12987.598194 2597.519639
0.529873 22057.358228 4411.471646
0.530603 10666.887492 2133.377498
0.531062 16960.245780 3392.049156
0.531788 10692.029909 2138.405982
0.532171 20309.035824 4061.807165
0.532853 11359.099649 2271.819930
0.533519 11622.490537 2324.498107
0.533978 16882.763731 3376.552746
0.534587 12682.554152 2536.510830
0.535243 11760.782506 2352.156501
0.536115 8839.804699 1767.960940
0.536622 15170.421610 3034.084322
0.537259 12075.451053 2415.090211
0.537819 13704.117117 2740.823423
0.538561 10338.216632 2067.643326
0.539101 14194.511680 2838.902336
0.539544 17278.305010 3455.661002
0.539962 18294.960122 3658.992024
0.540541 13211.213661 2642.242732
0.541039 15331.387399 3066.277480
0.541662 12229.918982 2445.983796
0.542269 12556.592282 2511.318456
0.542786 14715.721404 2943.144281
0.543344 13636.781277 2727.356255
0.543860 14711.823095 2942.364619
0.544428 13365.022113 2673.004423
0.544825 19067.101414 3813.420283
0.545418 12789.327762 2557.865552
0.545884 16222.082230 3244.416446
0.546432 13790.763895 2758.152779
0.546976 13880.898556 2776.179711
0.547625 11622.117409 2324.423482
0.548272 11644.009094 2328.801819
0.548687 18164.741765 3632.948353
0.549239 13623.321673 2724.664335
0.549903 11314.768648 2262.953730
0.550584 11009.151585 2201.830317
0.551154 13151.528445 2630.305689
0.551498 21759.045630 4351.809126
0.551929 17355.387372 3471.077474
0.552473 13752.035616 2750.407123
0.552942 15938.457379 3187.691476
0.553461 14373.535353 2874.707071
0.553938 15628.737571 3125.747514
0.554309 20074.023370 4014.804674
0.554707 18720.624569 3744.124914
0.555214 14677.644100 2935.528820
0.555968 9854.024884 1970.804977
0.556677 10463.501778 2092.700356
0.557247 12998.608323 2599.721665
0.558047 9254.453055 1850.890611
0.558482 17010.242462 3402.048492
0.558791 23934.156873 4786.831375
0.559357 13043.089225 2608.617845
0.559840 15270.520277 3054.104055
0.560357 14246.458579 2849.291716
0.560863 14556.688742 2911.337748
0.561640 9470.478340 1894.095668
0.562316 10868.761791 2173.752358
0.563057 9891.751923 1978.350385
0.563652 12321.619209 2464.323842
0.564234 12572.880046 2514.576009
0.564798 12975.208197 2595.041639
0.565495 10476.591933 2095.318387
0.566120 11661.170241 2332.234048
0.566745 11664.139832 2332.827966
0.567210 15677.601350 3135.520270
0.567830 11732.556082 2346.511216
0.568344 14123.558326 2824.711665
0.569087 9765.621972 1953.124394
0.569482 18370.105031 3674.021006
0.569932 16101.803121 3220.360624
0.570450 13972.490461 2794.498092
0.570915 15574.055216 3114.811043
0.571740 8759.727345 1751.945469
0.572091 20571.192980 4114.238596
0.572625 13500.496843 2700.099369
0.573099 15209.588268 3041.917654
0.573661 12801.560323 2560.312065
0.574191 13562.600075 2712.520015
0.574771 12404.626882 2480.925376
0.575275 14234.042990 2846.808598
0.575726 15921.789884 3184.357977
0.576364 11221.929953 2244.385991
0.576834 15235.726114 3047.145223
0.577370 13352.472433 2670.494487
0.578049 10518.469615 2103.693923
0.578494 16040.280117 3208.056023
0.579010 13825.467612 2765.093522
0.579617 11746.092259 2349.218452
0.580163 13030.117932 2606.023586
0.580768 11746.274699 2349.254940
0.581395 11335.000729 2267.000146
0.582099 10072.061223 2014.412245
0.582673 12349.659797 2469.931959
0.583419 9493.328285 1898.665657
0.583905 14549.381770 2909.876354
0.584469 12542.052017 2508.410403
0.585201 9632.172451 1926.434490
0.585933 9637.112355 1927.422471
0.586502 12363.282427 2472.656485
0.587159 10712.947269 2142.589454
0.587621 15210.964456 3042.192891
0.588313 10133.538598 2026.707720
0.588817 13921.660310 2784.332062
0.589575 9245.741964 1849.148393
0.590018 15799.617162 3159.923432
0.590658 10917.463002 2183.492600
0.591249 11826.082766 2365.216553
0.591728 14560.540215 2912.108043
0.592295 12304.392077 2460.878415
0.592839 12799.184819 2559.836964
0.593269 16176.050474 3235.210095
0.594057 8830.259584 1766.051917
0.594771 9721.189293 1944.237859
0.595175 17163.183833 3432.636767
0.595600 16331.776547 3266.355309
0.596181 11911.107312 2382.221462
0.596638 15165.941636 3033.188327
0.597196 12376.649189 2475.329838
0.597980 8811.480026 1762.296005
0.598618 10819.605926 2163.921185
0.599151 12915.743535 2583.148707
0.599686 12882.386986 2576.477397
0.600191 13620.125147 2724.025029
0.600818 10963.520936 2192.704187
0.601279 14901.136937 2980.227387
0.601864 11727.242321 2345.448464
0.602514 10547.445410 2109.489082
0.603266 9102.990985 1820.598197
0.603836 11990.238227 2398.047645
0.604359 13072.416883 2614.483377
0.604970 11159.316508 2231.863302
0.605560 11566.044503 2313.208901
0.606139 11760.990964 2352.198193
0.606933 8571.053699 1714.210740
0.607429 13690.806406 2738.161281
0.607786 19054.503969 3810.900794
0.608316 12811.331271 2562.266254
0.609062 9082.408536 1816.481707
0.609758 9734.541119 1946.908224
0.610278 13007.383283 2601.476657
0.610965 9836.069979 1967.213996
0.611545 11640.250486 2328.050097
0.612167 10852.569629 2170.513926
0.612778 11017.014620 2203.402924
0.613396 10905.685196 2181.137039
0.614008 10977.353232 2195.470646
0.614544 12547.814661 2509.562932
0.615002 14651.608400 2930.321680
0.615463 14547.432574 2909.486515
0.616135 9969.773928 1993.954786
0.616544 16379.087986 3275.817597
0.617190 10363.497714 2072.699543
0.617757 11792.143398 2358.428680
0.618454 9566.378171 1913.275634
0.618893 15198.048906 3039.609781
0.619450 11977.788165 2395.557633
0.619949 13333.705609 2666.741122
0.620556 10976.453605 2195.290721
0.621193 10422.691756 2084.538351
0.621792 11088.996768 2217.799354
0.622398 10956.903192 2191.380638
0.622985 11276.993472 2255.398694
0.623706 9188.028047 1837.605609
0.624421 9250.032069 1850.006414
0.625046 10559.254428 2111.850886
0.625545 13225.957625 2645.191525
0.625963 15796.065738 3159.213148
0.626525 11724.015161 2344.803032
0.626978 14530.900819 2906.180164
0.627590 10748.639993 2149.727999
0.628117 12467.557132 2493.511426
0.628851 8953.123205 1790.624641
0.629345 13281.245265 2656.249053
0.629904 11724.751135 2344.950227
0.630399 13230.666250 2646.133250
0.630965 11554.932940 2310.986588
0.631517 11832.994659 2366.598932
0.632240 9035.548119 1807.109624
0.632612 17574.308129 3514.861626
0.633143 12262.210283 2452.442057
0.633932 8258.797462 1651.759492
0.634595 9812.371315 1962.474263
0.635131 12119.460803 2423.892161
0.635492 18022.266975 3604.453395
0.636080 11035.440736 2207.088147
0.636634 11702.209614 2340.441923
0.637106 13736.435817 2747.287163
0.637705 10810.571201 2162.114240
0.638171 13879.112523 2775.822505
0.638883 9066.947053 1813.389411
0.639304 15344.957330 3068.991466
0.639752 14428.576749 2885.715350
0.640399 9961.720995 1992.344199
0.641130 8803.035224 1760.607045
0.641518 16571.346586 3314.269317
0.642049 12112.133370 2422.426674
0.642680 10188.032224 2037.606445
0.643331 9861.434918 1972.286984
0.643783 14173.965721 2834.793144
0.644548 8375.879230 1675.175846
0.644993 14376.485919 2875.297184
0.645576 10969.736579 2193.947316
0.646092 12390.650126 2478.130025
0.646919 7709.851100 1541.970220
0.647334 15373.893893 3074.778779
0.647960 10184.202986 2036.840597
0.648699 8612.386693 1722.477339
0.649231 11944.948551 2388.989710
0.649758 12043.373671 2408.674734
0.650225 13591.511800 2718.302360
0.650768 11696.451935 2339.290387
0.651452 9264.286724 1852.857345
0.652025 11036.292469 2207.258494
0.652749 8742.507945 1748.501589
0.653630 7163.327292 1432.665458
0.654171 11670.908638 2334.181728
0.654920 8416.973698 1683.394740
0.655307 16284.557285 3256.911457
0.655785 13164.420472 2632.884094
0.656321 11724.240234 2344.848047
0.657050 8618.673292 1723.734658
0.657584 11757.576372 2351.515274
0.657970 16276.449597 3255.289919
0.658598 9982.812216 1996.562443
0.659081 12957.186902 2591.437380
0.659819 8477.525927 1695.505185
0.660550 8543.147552 1708.629510
0.660969 14931.739827 2986.347965
0.661450 12970.782532 2594.156506
0.661975 11882.656485 2376.531297
0.662497 11916.719483 2383.343897
0.663294 7807.907814 1561.581563
0.663988 8966.625716 1793.325143
0.664740 8254.526304 1650.905261
0.665480 8385.998711 1677.199742
0.666123 9635.036612 1927.007322
0.666607 12775.707547 2555.141509
0.667199 10463.214393 2092.642879
0.667847 9525.777716 1905.155543
0.668466 9985.537054 1997.107411
0.669183 8599.174162 1719.834832
0.669757 10741.681926 2148.336385
0.670371 10022.728518 2004.545704
0.670909 11441.640337 2288.328067
0.671479 10786.139430 2157.227886
0.671994 11916.653915 2383.330783
0.672805 7561.894189 1512.378838
0.673424 9902.703503 1980.540701
0.674212 7773.125454 1554.625091
0.674986 7903.064791 1580.612958
0.675568 10481.231188 2096.246238
0.676075 12046.246716 2409.249343
0.676693 9880.777225 1976.155445
0.677241 11118.146390 2223.629278
0.678023 7785.479517 1557.095903
0.678440 14577.216225 2915.443245
0.678846 14973.463277 2994.692655
0.679499 9295.009404 1859.001881
0.680024 11578.283471 2315.656694
0.680563 11245.600476 2249.120095
0.681035 12827.946279 2565.589256
0.681730 8716.809811 1743.361962
0.682434 8586.075694 1717.215139
0.683124 8754.170852 1750.834170
0.683631 11908.539546 2381.707909
0.684181 10980.656230 2196.131246
0.684619 13755.603690 2751.120738
0.685270 9248.134659 1849.626932
0.685843 10495.195315 2099.039063
0.686409 10629.384423 2125.876885
0.687011 9986.241149 1997.248230
0.687522 11726.664099 2345.332820
0.687932 14652.826127 2930.565225
0.688403 12730.818521 2546.163704
0.689015 9786.837352 1957.367470
0.689774 7884.129251 1576.825850
0.690364 10121.312611 2024.262522
0.691054 8660.540082 1732.108016
0.691639 10192.052492 2038.410498
0.692266 9510.191954 1902.038391
0.693045 7643.496810 1528.699362
0.693458 14421.876963 2884.375393
0.694003 10905.926901 2181.185380
0.694663 8993.999040 1798.799808
0.695315 9111.391500 1822.278300
0.695778 12792.510742 2558.502148
0.696353 10306.767865 2061.353573
0.696896 10917.066979 2183.413396
0.697525 9397.400279 1879.480056
0.698147 9515.375676 1903.075135
0.698627 12287.368946 2457.473789
0.699107 12312.410036 2462.482007
0.699554 13181.050236 2636.210047
0.700068 11463.118131 2292.623626
0.700586 11381.738060 2276.347612
0.701357 7631.438842 1526.287768
0.702066 8291.280980 1658.256196
0.702837 7609.925141 1521.985028
0.703373 10955.829440 2191.165888
0.703936 10400.756555 2080.151311
0.704568 9268.236345 1853.647269
0.704991 13851.771097 2770.354219
0.705787 7347.342079 1469.468416
0.706525 7906.872218 1581.374444
0.707088 10364.163587 2072.832717
0.707614 11102.188365 2220.437673
0.708184 10209.154420 2041.830884
0.709084 6468.037461 1293.607492
0.709640 10464.850033 2092.970007
0.710266 9278.449545 1855.689909
0.711075 7172.713482 1434.542696
0.711757 8500.132682 1700.026536
0.712581 7028.500729 1405.700146
0.713314 7888.966709 1577.793342
0.713847 10841.434153 2168.286831
0.714403 10379.352002 2075.870400
0.715154 7685.800541 1537.160108
0.715929 7438.019517 1487.603903
0.716716 7311.541683 1462.308337
0.717254 10697.160693 2139.432139
0.717731 12056.471998 2411.294400
0.718401 8573.487508 1714.697502
0.719185 7311.592358 1462.318472
0.719830 8892.614225 1778.522845
0.720227 14421.925118 2884.385024
0.720822 9613.044474 1922.608895
0.721216 14517.920161 2903.584032
0.721872 8723.654244 1744.730849
0.722644 7390.683697 1478.136739
0.723184 10563.240799 2112.648160
0.723607 13482.889401 2696.577880
0.724314 8056.939097 1611.387819
0.724966 8735.484196 1747.096839
0.725531 10052.029691 2010.405938
0.726036 11254.520215 2250.904043
0.726760 7845.011298 1569.002260
0.727310 10315.706440 2063.141288
0.728044 7712.906716 1542.581343
0.728488 12762.708895 2552.541779
0.729350 6559.788837 1311.957767
0.729903 10227.599579 2045.519916
0.730630 7765.412020 1553.082404
0.731213 9677.037561 1935.407512
0.731724 11024.989760 2204.997952
0.732312 9591.561916 1918.312383
0.732884 9832.745376 1966.549075
0.733471 9580.815194 1916.163039
0.733915 12667.722004 2533.544401
0.734787 6441.696222 1288.339244
0.735553 7321.323780 1464.264756
0.736193 8745.000575 1749.000115
0.736898 7943.670170 1588.734034
0.737313 13485.514998 2697.103000
0.738346 5410.087960 1082.017592
0.739010 8404.029307 1680.805861
0.739550 10322.205550 2064.441110
0.740073 10672.514707 2134.502941
0.740745 8278.246142 1655.649228
0.741400 8500.568267 1700.113653
0.742132 7591.784324 1518.356865
0.742740 9137.733857 1827.546771
0.743347 9132.744816 1826.548963
0.744243 6187.087171 1237.417434
0.745225 5639.290388 1127.858078
0.746086 6420.661118 1284.132224
0.746783 7919.829363 1583.965873
0.747490 7812.906628 1562.581326
0.748281 6968.342266 1393.668453
0.748762 11440.215255 2288.043051
0.749412 8473.453392 1694.690678
0.750156 7390.090230 1478.018046
0.750707 9967.681081 1993.536216
0.751472 7173.359323 1434.671865
0.752163 7934.434249 1586.886850
0.752802 8582.149023 1716.429805
0.753500 7838.669981 1567.733996
0.754282 6989.543951 1397.908790
0.754930 8439.551973 1687.910395
0.755754 6624.596904 1324.919381
0.756368 8871.794132 1774.358826
0.756885 10536.318791 2107.263758
0.757705 6642.802571 1328.560514
0.758479 7023.023451 1404.604690
0.759417 5788.550628 1157.710126
0.760006 9225.541767 1845.108353
0.760433 12692.690174 2538.538035
0.760921 11104.743456 2220.948691
0.761659 7336.691618 1467.338324
0.762308 8340.928105 1668.185621
0.762833 10284.967634 2056.993527
0.763471 8469.596720 1693.919344
0.764324 6324.828063 1264.965613
0.764936 8810.884323 1762.176865
0.765447 10547.187619 2109.437524
0.766059 8800.126080 1760.025216
0.766766 7601.986029 1520.397206
0.767496 7361.834171 1472.366834
0.768205 7575.518059 1515.103612
0.768951 7187.235879 1437.447176
0.769496 9835.332084 1967.066417
0.770244 7156.675693 1431.335139
0.771082 6382.254571 1276.450914
0.771824 7202.588739 1440.517748
0.772368 9812.787374 1962.557475
0.772984 8657.444670 1731.488934
0.773714 7299.852412 1459.970482
0.774374 8071.312134 1614.262427
0.774979 8798.224644 1759.644929
0.775940 5526.731666 1105.346333
0.776755 6519.994612 1303.998922
0.777565 6543.861136 1308.772227
0.778350 6753.652219 1350.730444
0.779082 7228.062087 1445.612417
0.779885 6583.001218 1316.600244
0.780522 8292.138888 1658.427778
0.781315 6653.283020 1330.656604
0.782092 6787.838591 1357.567718
0.782609 10201.562286 2040.312457
0.783193 9013.319137 1802.663827
0.783822 8359.548132 1671.909626
0.784628 6521.214091 1304.242818
0.785324 7544.271677 1508.854335
0.785928 8686.216364 1737.243273
0.786739 6462.364917 1292.472983
0.787425 7629.104093 1525.820819
0.788198 6770.947155 1354.189431
0.788970 6763.910695 1352.782139
0.789589 8441.007236 1688.201447
0.790350 6857.719768 1371.543954
0.791000 8009.761388 1601.952278
0.791646 8062.404580 1612.480916
0.792396 6946.168992 1389.233798
0.793016 8383.560513 1676.712103
0.793665 8000.557667 1600.111533
0.794493 6270.955130 1254.191026
0.795316 6292.178280 1258.435656
0.795931 8430.741997 1686.148399
0.796581 7965.422673 1593.084535
0.797417 6177.698984 1235.539797
0.798001 8850.895173 1770.179035
0.799082 4771.411462 954.282292
0.799852 6694.104467 1338.820893
0.800640 6539.199632 1307.839926
0.801310 7681.853943 1536.370789
0.801995 7496.535923 1499.307185
0.802591 8626.143770 1725.228754
0.803078 10535.013985 2107.002797
0.803832 6804.854062 1360.970812
0.804770 5458.520394 1091.704079
0.805364 8621.701681 1724.340336
0.805932 9004.872029 1800.974406
0.806828 5701.076696 1140.215339
0.807757 5493.950681 1098.790136
0.808629 5848.942023 1169.788405
0.809416 6465.262541 1293.052508
0.810148 6951.229912 1390.245982
0.810734 8681.421699 1736.284340
0.811778 4865.494179 973.098836
0.812713 5422.237625 1084.447525
0.813307 8527.341687 1705.468337
0.813949 7888.411409 1577.682282
0.814682 6903.445606 1380.689121
0.815275 8526.201678 1705.240336
0.816276 5048.593166 1009.718633
0.816981 7152.346701 1430.469340
0.817674 7276.962243 1455.392449
0.818242 8868.621956 1773.724391
0.818857 8174.946481 1634.989296
0.819365 9903.004260 1980.600852
0.820062 7218.722911 1443.744582
0.821165 4550.984061 910.196812
0.822215 4772.691962 954.538392
0.822624 12244.057221 2448.811444
0.823549 5409.883261 1081.976652
0.824221 7446.992273 1489.398455
0.824975 6620.667229 1324.133446
0.825620 7737.353582 1547.470716
0.826289 7464.906526 1492.981305
0.827004 6964.656558 1392.931312
0.827754 6643.784435 1328.756887
0.828506 6609.725699 1321.945140
0.828837 15019.868477 3003.973695
0.829516 7322.394796 1464.478959
0.830491 5090.310150 1018.062030
0.831265 6399.559467 1279.911893
0.832185 5386.694989 1077.338998
0.832862 7301.930725 1460.386145
0.833819 5166.608432 1033.321686
0.834467 7621.244611 1524.248922
0.835156 7164.662748 1432.932550
0.835948 6219.907597 1243.981519
0.836701 6543.656406 1308.731281
0.837773 4589.347209 917.869442
0.838484 6910.158727 1382.031745
0.839524 4720.066342 944.013268
0.840290 6398.683837 1279.736767
0.840894 8113.262434 1622.652487
0.841909 4823.293259 964.658652
0.842823 5351.937656 1070.387531
0.843604 6247.018992 1249.403798
0.844149 8969.470028 1793.894006
0.844845 7004.754041 1400.950808
0.845674 5878.837674 1175.767535
0.846820 4244.176355 848.835271
0.847527 6882.567765 1376.513553
0.848438 5326.222423 1065.244485
0.849204 6339.061008 1267.812202
0.849943 6560.619093 1312.123819
0.850784 5757.999301 1151.599860
0.851764 4934.821548 986.964310
0.852546 6179.329104 1235.865821
0.853291 6480.390164 1296.078033
0.854680 3470.330916 694.066183
0.855407 6624.685630 1324.937126
0.856358 5062.358605 1012.471721
0.857404 4593.240483 918.648097
0.858348 5081.302868 1016.260574
0.859253 5298.475721 1059.695144
0.860120 5527.137715 1105.427543
0.860917 6006.421218 1201.284244
0.861812 5340.885200 1068.177040
0.862748 5097.067004 1019.413401
0.863675 5147.178527 1029.435705
0.864464 6041.652962 1208.330592
0.865320 5558.535250 1111.707050
0.866138 5813.190771 1162.638154
0.867131 4784.430955 956.886191
0.867578 10637.672828 2127.534566
0.868469 5322.721894 1064.544379
0.869478 4695.158075 939.031615
0.870403 5114.822333 1022.964467
0.871229 5722.355431 1144.471086
0.872248 4635.690089 927.138018
0.873020 6109.698332 1221.939666
0.873854 5651.992423 1130.398485
0.874734 5354.112490 1070.822498
0.875411 6948.813976 1389.762795
0.876582 4012.874154 802.574831
0.877271 6812.100501 1362.420100
0.878384 4214.799303 842.959861
0.879240 5469.466909 1093.893382
0.880035 5887.641322 1177.528264
0.881020 4746.783747 949.356749
0.881795 6022.242805 1204.448561
0.882826 4525.902842 905.180568
0.883552 6419.581754 1283.916351
0.884346 5864.118499 1172.823700
0.885109 6103.789218 1220.757844
0.886069 4842.051451 968.410290
0.887098 4512.437592 902.487518
0.888422 3500.141427 700.028285
0.889090 6931.715063 1386.343013
0.890309 3795.812091 759.162418
0.891206 5147.394452 1029.478890
0.892428 3778.464987 755.692997
0.893303 5268.417727 1053.683545
0.894150 5433.099762 1086.619952
0.895033 5209.915678 1041.983136
0.895913 5224.138125 1044.827625
0.897014 4168.276670 833.655334
0.897858 5438.413573 1087.682715
0.898910 4355.173746 871.034749
0.899843 4900.433934 980.086787
0.900893 4353.870499 870.774100
0.901806 5003.145793 1000.629159
0.902747 4847.469628 969.493926
0.903815 4263.299520 852.659904
0.904609 5735.303339 1147.060668
0.905303 6550.498426 1310.099685
0.906158 5315.898069 1063.179614
0.906929 5882.060831 1176.412166
0.907966 4372.874629 874.574926
0.909121 3921.985573 784.397115
0.909837 6319.894917 1263.978983
0.911056 3705.851187 741.170237
0.911745 6562.423197 1312.484639
0.912837 4129.954075 825.990815
0.914085 3608.776408 721.755282
0.914837 5981.888781 1196.377756
0.915750 4924.893072 984.978614
0.916501 5977.489810 1195.497962
0.917560 4234.972442 846.994488
0.918375 5499.085127 1099.817025
0.919355 4572.710609 914.542122
0.920206 5252.024427 1050.404885
0.920843 7025.022212 1405.004442
0.921956 4009.048731 801.809746
0.922790 5351.376302 1070.275260
0.924083 3445.229118 689.045824
0.925004 4829.824417 965.964883
0.926018 4386.281744 877.256349
0.927053 4286.259741 857.251948
0.927925 5089.706951 1017.941390
0.928874 4668.029456 933.605891
0.929710 5295.823512 1059.164702
0.930310 7375.196428 1475.039286
0.931152 5248.563899 1049.712780
0.932287 3890.894701 778.178940
0.933467 3734.011453 746.802291
0.934601 3885.191658 777.038332
0.935825 3593.019896 718.603979
0.936523 6289.796362 1257.959272
0.937763 3540.047693 708.009539
0.938721 4576.211947 915.242389
0.939599 4988.151998 997.630400
0.940525 4726.618367 945.323673
0.941415 4908.437679 981.687536
0.942600 3684.539903 736.907981
0.943448 5141.370070 1028.274014
0.944476 4241.148604 848.229721
0.946055 2754.581523 550.916305
0.947097 4169.408765 833.881753
0.948145 4139.582496 827.916499
0.949231 3990.796029 798.159206
0.950044 5328.464008 1065.692802
0.951267 3537.126706 707.425341
0.952835 2754.144788 550.828958
0.953647 5312.970028 1062.594006
0.954750 3906.410472 781.282094
0.955825 4004.551306 800.910261
0.956977 3730.613913 746.122783
0.958221 3450.444364 690.088873
0.959051 5170.152074 1034.030415
0.960378 3227.576212 645.515242
0.960987 7031.688032 1406.337606
0.961780 5395.177617 1079.035523
0.962937 3692.230140 738.446028
0.963884 4502.859792 900.571958
0.965591 2495.726422 499.145284
0.966781 3576.586292 715.317258
0.967709 4579.465568 915.893114
0.969517 2346.576764 469.315353
0.970599 3915.695804 783.139161
0.971502 4690.065093 938.013019
0.972608 3823.133511 764.626702
0.973578 4356.581432 871.316286
0.974841 3339.982898 667.996580
0.975732 4728.934640 945.786928
0.976642 4628.868562 925.773712
0.977838 3516.407420 703.281484
0.978921 3879.957904 775.991581
0.980107 3537.957810 707.591562
0.981266 3617.275568 723.455114
0.982428 3602.287113 720.457423
0.983199 5424.656504 1084.931301
0.984500 3209.299319 641.859864
0.985444 4420.043362 884.008672
0.986560 3734.288674 746.857735
0.987530 4293.973228 858.794646
0.988492 4325.104937 865.020987
0.989437 4398.691712 879.738342
0.990717 3242.435850 648.487170
0.992144 2903.142400 580.628480
0.992922 5322.826990 1064.565398
0.993909 4190.633683 838.126737
0.995066 3571.895663 714.379133
0.995998 4430.806144 886.161229
0.996950 4330.059283 866.011857
0.998122 3515.261043 703.052209
0.999049 4436.072028 887.214406
1.000163 3691.290932 738.258186
1.001151 4154.914943 830.982989
1.002387 3318.187672 663.637534
1.003572 3456.037707 691.207541
1.004789 3362.877876 672.575575
1.006040 3265.368333 653.073667
1.007173 3601.567619 720.313524
1.008162 4122.101133 824.420227
1.009763 2543.111766 508.622353
1.011069 3112.203168 622.440634
1.011882 4997.231395 999.446279
1.013129 3253.300582 650.660116
1.014096 4192.870960 838.574192
1.015040 4287.270866 857.454173
1.016056 3980.242300 796.048460
1.016992 4317.112916 863.422583
1.018224 3275.930655 655.186131
1.019312 3708.174471 741.634894
1.020764 2772.095669 554.419134
1.021680 4390.818728 878.163746
1.022544 4653.318593 930.663719
1.023645 3643.923338 728.784668
1.024851 3325.770926 665.154185
1.025994 3502.919109 700.583822
1.027080 3683.641456 736.728291
1.028011 4297.032527 859.406505
1.029231 3270.035535 654.007107
1.030515 3106.658058 621.331612
1.031922 2829.233946 565.846789
1.033762 2159.921061 431.984212
1.034474 5581.936349 1116.387270
1.035554 3672.483519 734.496704
1.036721 3395.217552 679.043510
1.037733 3911.401686 782.280337
1.039340 2460.308922 492.061784
1.040216 4504.804870 900.960974
1.040848 6243.830143 1248.766029
1.041710 4578.483292 915.696658
1.042774 3701.548385 740.309677
1.044007 3189.511600 637.902320
1.045015 3901.770524 780.354105
1.046146 3470.088633 694.017727
1.047047 4355.207196 871.041439
1.047931 4436.013032 887.202606
1.049024 3580.887401 716.177480
1.050111 3598.967019 719.793404
1.051379 3079.804771 615.960954
1.052592 3217.816007 643.563201
1.054086 2608.117424 521.623485
1.055063 3980.641201 796.128240
1.055909 4599.753250 919.950650
1.056591 5698.625034 1139.725007
1.058145 2496.485092 499.297018
1.059074 4177.215355 835.443071
1.060073 3877.225879 775.445176
1.060953 4394.800107 878.960021
1.062096 3382.647669 676.529534
1.064065 1959.955982 391.991196
1.065242 3276.260821 655.252164
1.066319 3575.127337 715.025467
1.067655 2878.339368 575.667874
1.068497 4562.266045 912.453209
1.069683 3234.847449 646.969490
1.070793 3455.173998 691.034800
1.072027 3102.295920 620.459184
1.073052 3733.546678 746.709336
1.074380 2877.426522 575.485304
1.075482 3462.679933 692.535987
1.076709 3109.133007 621.826601
1.077709 3805.545554 761.109111
1.078670 3963.403784 792.680757
1.080186 2506.401823 501.280365
1.081047 4408.803062 881.760612
1.082104 3586.789866 717.357973
1.083280 3221.969983 644.393997
1.084345 3553.232621 710.646524
1.085507 3254.548418 650.909684
1.087024 2489.190860 497.838172
1.088517 2524.593558 504.918712
1.089865 2793.666314 558.733263
1.091073 3113.011244 622.602249
1.092063 3797.227159 759.445432
1.093328 2966.146414 593.229283
1.094377 3574.990156 714.998031
1.095774 2680.581058 536.116212
1.097353 2367.810533 473.562107
1.098794 2591.623642 518.324728
1.100083 2892.571939 578.514388
1.101686 2323.830401 464.766080
1.102911 3035.831625 607.166325
1.104649 2137.285766 427.457153
1.106011 2723.049749 544.609950
1.107408 2650.729382 530.145876
1.109094 2194.518848 438.903770
1.110571 2499.982515 499.996503
1.112160 2320.769587 464.153917
1.113188 3584.681282 716.936256
1.114471 2869.234905 573.846981
1.115885 2598.008587 519.601717
1.117207 2777.721239 555.544248
1.118706 2445.652858 489.130572
1.120125 2579.775724 515.955145
1.121674 2359.995006 471.999001
1.123204 2385.869095 477.173819
1.124638 2542.442639 508.488528
1.125936 2807.756180 561.551236
1.127267 2731.025220 546.205044
1.128234 3759.774438 751.954888
1.129468 2941.030845 588.206169
1.130827 2667.526153 533.505231
1.132044 2977.112006 595.422401
1.133350 2768.805073 553.761015
1.134773 2538.449017 507.689803
1.136529 2054.991621 410.998324
1.138037 2388.072843 477.614569
1.139179 3152.050577 630.410115
1.140579 2566.707597 513.341519
1.142221 2185.090495 437.018099
1.143865 2179.016189 435.803238
1.145319 2461.444746 492.288949
1.147324 1781.591496 356.318299
1.148944 2202.382532 440.476506
1.150619 2125.375649 425.075130
1.151708 3267.366312 653.473262
1.153172 2427.466381 485.493276
1.154677 2357.444767 471.488953
1.155780 3214.106752 642.821350
1.157414 2167.285567 433.457113
1.159131 2057.958609 411.591722
1.160338 2925.612122 585.122424
1.162192 1901.445248 380.289050
1.163562 2569.895541 513.979108
1.164758 2939.529834 587.905967
1.166362 2190.784279 438.156856
1.167581 2876.288840 575.257768
1.169261 2084.846040 416.969208
1.170723 2393.198623 478.639725
1.172245 2296.458260 459.291652
1.173946 2050.721152 410.144230
1.175476 2276.809023 455.361805
1.177027 2243.067137 448.613427
1.178194 2979.688611 595.937722
1.179716 2279.729712 455.945942
1.180971 2762.298137 552.459627
1.182624 2095.347148 419.069430
1.184377 1971.275617 394.255123
1.185640 2734.526109 546.905222
1.186955 2622.753748 524.550750
1.188586 2112.076564 422.415313
1.190505 1791.668676 358.333735
1.191971 2342.835348 468.567070
1.193200 2791.673592 558.334718
1.194270 3204.274851 640.854970
1.195690 2410.514649 482.102930
1.197365 2040.749800 408.149960
1.198694 2569.713182 513.942636
1.200556 1830.334669 366.066934
1.201950 2443.295076 488.659015
1.204106 1575.797374 315.159475
1.205699 2130.137149 426.027430
1.207069 2475.309934 495.061987
1.208427 2493.817918 498.763584
1.209951 2218.202410 443.640482
1.211688 1944.487745 388.897549
1.214558 1173.615294 234.723059
1.216299 1931.074536 386.214907
1.217985 1991.665368 398.333074
1.219446 2296.251082 459.250216
1.221186 1925.299886 385.059977
1.223053 1790.773630 358.154726
1.224420 2443.073924 488.614785
1.225776 2461.898491 492.379698
1.227795 1649.587781 329.917556
1.229323 2175.968588 435.193718
1.230473 2891.240318 578.248064
1.232289 1827.191336 365.438267
1.234145 1784.418864 356.883773
1.236029 1755.613464 351.122693
1.237716 1958.301528 391.660306
1.239370 1994.727693 398.945539
1.241182 1816.880009 363.376002
1.243594 1362.781685 272.556337
1.244873 2566.656898 513.331380
1.247395 1299.482222 259.896444
1.248627 2655.176207 531.035241
1.249881 2607.673181 521.534636
1.251033 2835.132792 567.026558
1.252380 2422.808367 484.561673
1.254007 2002.267537 400.453507
1.255768 1848.346545 369.669309
1.258091 1397.671413 279.534283
1.259992 1705.788350 341.157670
1.261710 1884.185234 376.837047
1.263056 2402.818217 480.563643
1.265045 1623.877684 324.775537
1.266558 2131.370618 426.274124
1.268756 1464.419358 292.883872
1.270322 2053.432989 410.686598
1.271855 2094.529648 418.905930
1.273690 1747.169349 349.433870
1.275320 1964.384155 392.876831
1.277229 1674.502331 334.900466
1.279049 1753.937107 350.787421
1.280753 1870.534391 374.106878
1.281916 2737.703407 547.540681
1.284045 1493.278112 298.655622
1.285945 1671.098654 334.219731
1.287106 2732.107164 546.421433
1.289078 1605.212931 321.042586
1.291328 1404.940191 280.988038
1.293040 1843.446796 368.689359
1.294241 2623.772948 524.754590
1.296327 1509.589365 301.917873
1.298457 1475.177612 295.035522
1.300189 1811.248838 362.249768
1.301959 1771.082252 354.216450
1.304099 1461.632991 292.326598
1.306249 1452.661574 290.532315
1.307594 2318.798977 463.759795
1.309545 1596.170803 319.234161
1.311440 1641.309662 328.261932
1.313157 1809.072268 361.814454
1.314654 2072.286988 414.457398
1.316219 1978.413243 395.682649
1.317978 1759.082620 351.816524
1.319981 1542.358406 308.471681
1.321725 1768.163320 353.632664
1.324295 1197.978671 239.595734
1.326137 1668.560175 333.712035
1.327631 2055.719085 411.143817
1.329600 1556.980578 311.396116
1.332212 1171.067017 234.213403
1.333792 1934.004261 386.800852
1.335383 1918.074839 383.614968
1.337094 1780.341468 356.068294
1.338982 1612.245380 322.449076
1.341013 1495.847373 299.169475
1.343162 1411.260229 282.252046
1.345649 1217.063750 243.412750
1.347562 1580.553536 316.110707
1.349873 1305.612112 261.122422
1.351937 1458.923631 291.784726
1.353909 1525.483790 305.096758
1.355667 1709.105406 341.821081
1.357665 1500.399861 300.079972
1.359323 1806.781950 361.356390
1.361658 1280.490325 256.098065
1.363403 1711.374873 342.274975
1.365199 1659.325542 331.865108
1.367316 1406.627010 281.325402
1.370465 943.063411 188.612682
1.371914 2046.405785 409.281157
1.374619 1094.400804 218.880161
1.376615 1480.468553 296.093711
1.379215 1134.492351 226.898470
1.380708 1973.359518 394.671904
1.382404 1734.994464 346.998893
1.384886 1183.334830 236.666966
1.387489 1126.214989 225.242998
1.390278 1048.855643 209.771129
1.392764 1174.034127 234.806825
1.395173 1209.758572 241.951714
1.397120 1494.307465 298.861493
1.399057 1500.398924 300.079785
1.401859 1034.868335 206.973667
1.403432 1840.270336 368.054067
1.405653 1301.832205 260.366441
1.407606 1478.302672 295.660534
1.411371 764.615762 152.923152
1.413382 1429.147065 285.829413
1.415811 1181.372144 236.274429
1.418050 1279.492920 255.898584
1.420961 981.687258 196.337452
1.423751 1022.299395 204.459879
1.426244 1142.204398 228.440880
1.428788 1116.741300 223.348260
1.430982 1293.425375 258.685075
1.433671 1052.893524 210.578705
1.436167 1131.894283 226.378857
1.438556 1181.025459 236.205092
1.440495 1452.892181 290.578436
1.443443 953.524685 190.704937
1.445572 1318.193885 263.638777
1.448162 1081.424481 216.284896
1.450777 1069.156876 213.831375
1.453358 1081.350063 216.270013
1.455016 1680.930908 336.186182
1.457027 1383.540349 276.708070
1.459110 1334.441646 266.888329
1.461052 1428.256301 285.651260
1.463961 951.865995 190.373199
1.466670 1020.451613 204.090323
1.469843 868.798052 173.759610
1.471999 1276.569575 255.313915
1.474161 1271.398448 254.279690
1.477052 948.931417 189.786283
1.479127 1319.337313 263.867463
1.481834 1009.898789 201.979758
1.484438 1047.665301 209.533060
1.487485 893.395809 178.679162
1.491641 653.130510 130.626102
1.493607 1378.335013 275.667003
1.497035 788.549701 157.709940
1.501472 607.441876 121.488375
1.505223 716.657004 143.331401
1.508773 755.166760 151.033352
1.512356 746.355817 149.271163
1.515650 810.038053 162.007611
1.519536 684.668598 136.933720
1.523620 649.495605 129.899121
1.525404 1485.105292 297.021058
1.529333 672.582462 134.516492
1.532319 882.965963 176.593193
1.535790 757.761003 151.552201
1.539322 742.772215 148.554443
1.543559 617.514107 123.502821
1.545375 1438.686394 287.737279
1.549444 640.261103 128.052221
1.553073 716.028317 143.205663
1.555645 1008.513943 201.702789
1.559064 756.975118 151.395024
1.562386 777.049406 155.409881
1.565900 732.922493 146.584499
1.569770 663.853157 132.770631
1.573362 713.255695 142.651139
1.576421 835.822821 167.164564
1.578681 1129.435792 225.887158
1.582167 730.691409 146.138282
1.585283 815.590085 163.118017
1.588854 709.944203 141.988841
1.591374 1004.208382 200.841676
1.594647 771.424905 154.284981
1.597954 761.908772 152.381754
1.600697 916.438919 183.287784
1.605385 534.796589 106.959318
1.610370 501.103407 100.220681
1.615433 491.699872 98.339974
1.618909 714.626797 142.925359
1.622642 663.688156 132.737631
1.625919 754.337095 150.867419
1.630629 523.167976 104.633595
1.635385 516.468434 103.293687
1.639290 627.292366 125.458473
1.642377 791.942053 158.388411
1.646930 535.379245 107.075849
1.650534 674.575225 134.915045
1.655710 468.173152 93.634630
1.660372 518.132373 103.626475
1.665086 510.878116 102.175623
1.670120 476.743187 95.348637
1.674111 599.675598 119.935120
1.677604 683.740017 136.748003
1.681307 643.230775 128.646155
1.686169 488.426845 97.685369
1.691264 464.531036 92.906207
1.695874 511.785889 102.357178
1.699796 600.139234 120.027847
1.704654 482.866651 96.573330
1.709708 462.678293 92.535659
1.713378 635.575860 127.115172
1.720706 316.816655 63.363331
1.725043 533.800117 106.760023
1.731888 336.701433 67.340287
1.736816 466.267923 93.253585
1.743742 330.251436 66.050287
1.748851 446.190408 89.238082
1.753601 478.413259 95.682652
1.758270 485.262087 97.052417
1.764447 365.422174 73.084435
1.769762 423.134796 84.626959
1.775166 414.775256 82.955051
1.779875 492.852597 98.570519
1.785680 398.314918 79.662984
1.790746 454.850472 90.970094
1.796794 379.643999 75.928800
1.804549 294.619904 58.923981
1.810148 406.545839 81.309168
1.817019 329.884154 65.976831
1.824930 285.116058 57.023212
1.830078 436.697207 87.339441
1.835018 453.590159 90.718032
1.841447 347.212408 69.442482
1.847651 358.399063 71.679813
1.854729 312.811046 62.562209
1.860169 405.523591 81.104718
1.864653 490.536583 98.107317
1.872240 288.643931 57.728786
1.878675 338.941573 67.788315
1.883298 470.393983 94.078797
1.888507 416.116121 83.223224
1.896890 257.277660 51.455532
1.904053 299.747803 59.949561
1.913460 226.966338 45.393268
1.918611 413.058610 82.611722
1.926175 280.018201 56.003640
1.934118 265.384188 53.076838
1.942187 259.967138 51.993428
1.951038 235.690151 47.138030
1.959787 237.212233 47.442447
1.967241 277.162014 55.432403
1.973421 332.986630 66.597326
1.980116 306.142146 61.228429
1.986824 304.305274 60.861055
1.995330 238.808409 47.761682
2.001531 326.239186 65.247837
2.011460 202.565154 40.513031
2.017503 331.607114 66.321423
2.026411 223.797383 44.759477
2.033326 287.044637 57.408927
2.042420 217.109988 43.421998
2.050590 240.492430 48.098486
2.058567 245.128646 49.025729
2.068417 197.379049 39.475810
2.077843 205.071834 41.014367
2.088763 175.894087 35.178817
2.096371 251.311432 50.262286
2.104033 248.395796 49.679159
2.113608 197.659289 39.531858
2.121385 242.238410 48.447682
2.132020 176.015537 35.203107
2.142483 177.829066 35.565813
2.153940 161.338560 32.267712
2.164437 181.462658 36.292532
2.174265 192.680054 38.536011
2.182822 220.191648 44.038330
2.196539 136.284468 27.256894
2.206448 187.584833 37.516967
2.218944 147.668807 29.533761
2.232401 136.080937 27.216187
2.245925 134.308630 26.861726
2.259633 131.453649 26.290730
2.268012 213.920970 42.784194
2.279422 156.072635 31.214527
2.288157 202.827488 40.565498
2.296998 199.381410 39.876282
2.309645 138.372418 27.674484
2.319502 176.489421 35.297884
2.330051 163.925204 32.785041
2.342337 139.755307 27.951061
2.356833 117.499244 23.499849
2.367645 156.478348 31.295670
2.377271 174.787213 34.957443
2.391038 121.270286 24.254057
2.409282 90.575894 18.115179
2.422514 128.326118 25.665224
2.432741 164.966010 32.993202
2.442637 169.513206 33.902641
2.455075 133.921343 26.784269
2.471192 102.420229 20.484046
2.482894 140.077577 28.015515
2.502154 84.226644 16.845329
2.513748 138.844777 27.768955
2.532194 86.401156 17.280231
2.542035 160.912928 32.182586
2.561458 80.679319 16.135864
2.575146 113.535108 22.707022
2.589392 108.152408 21.630482
2.604725 99.660035 19.932007
2.619782 104.003614 20.800723
2.635300 100.044263 20.008853
2.644581 166.252082 33.250416
2.662217 86.653209 17.330642
2.677885 96.651361 19.330272
2.689689 127.347157 25.469431
2.703120 111.072729 22.214546
2.721354 80.979364 16.195873
2.731234 148.449340 29.689868
2.747164 91.269947 18.253989
2.763064 90.606191 18.121238
2.779779 88.146051 17.629210
2.803003 62.672642 12.534528
2.820471 82.370327 16.474065
2.842886 63.380717 12.676143
2.863444 68.245561 13.649112
2.878101 94.841043 18.968209
2.898179 68.448410 13.689682
2.921275 60.612128 12.122426
2.938417 80.747853 16.149571
2.959923 63.557301 12.711460
2.979289 69.744128 13.948826
2.995976 80.117954 16.023591
3.011770 83.845897 16.769179
3.028240 82.098335 16.419667
3.043576 87.348848 17.469770
3.061615 73.403270 14.680654
3.083089 60.904887 12.180977
3.099951 76.769970 15.353994
3.117121 74.552280 14.910456
3.130501 97.739972 19.547994
3.151062 62.904010 12.580802
3.174559 54.234213 10.846843
3.190812 77.548801 15.509760
3.207961 72.719499 14.543900
3.222818 83.160051 16.632010
3.241302 68.059963 13.611993
3.256632 81.237370 16.247474
3.274081 70.585523 14.117105
3.292560 65.848733 13.169747
3.310830 65.883240 13.176648
3.328850 67.917297 13.583459
3.349138 59.571751 11.914350
3.370707 55.247298 11.049460
3.388613 65.809437 13.161887
3.407127 64.648038 12.929608
3.425157 65.600332 13.120066
3.443826 62.613909 12.522782
3.469335 45.115893 9.023179
3.490183 55.918055 11.183611
3.512381 51.727491 10.345498
3.531322 59.894032 11.978806
3.554763 48.967192 9.793438
3.573831 59.405351 11.881070
3.599399 43.618345 8.723669
