0.020056 -272.959265 -683.837106 -116.930410 -1693.082622 -66.134771 -41.481124 -4484.509892
0.030854 -346.769299 -726.932785 -175.327228 -1523.982036 -101.015072 -67.021603 -3196.219664
0.037510 -585.678608 -1130.493044 -315.636007 -2175.281279 -186.598287 -124.739328 -4168.319883
0.045295 5286.783718 3033.711036 9515.829877 1843.101491 16814.726969 30162.631434 1241.423044
0.053030 399.184242 241.229114 677.983267 148.573019 1118.070850 1891.820086 101.683938
0.057996 238.340104 148.090956 394.674548 92.805943 632.561963 1014.584496 64.475378
0.062621 171.115712 107.985993 273.951404 68.445917 430.457740 662.754563 47.746054
0.068153 126.133275 81.487870 196.136459 52.484485 296.813743 444.226286 36.585699
0.074418 96.062838 63.516273 145.340671 41.841731 214.924485 309.703613 29.185975
0.078265 83.889845 56.199019 125.068268 37.254049 181.277146 256.018979 26.116250
0.083362 71.677683 48.897963 105.128439 33.025496 149.033153 204.913588 23.095247
0.085191 68.254479 46.828112 99.273312 31.739977 139.775548 190.708007 22.224469
0.089942 60.909546 42.206159 86.999952 28.976521 120.542450 162.611027 20.420809
0.095818 53.798533 37.854919 75.514812 26.427708 102.300395 135.451325 18.648899
0.099625 50.170521 35.714966 69.756685 25.225210 93.285997 120.724578 17.759079
0.102301 48.007529 34.416720 66.275404 24.358510 87.668281 113.413185 17.259715
0.105138 45.899162 33.136679 62.981989 23.579350 82.803394 106.546791 16.740543
0.108263 43.874326 31.810714 59.762951 22.831791 77.852636 99.116926 16.269771
0.110879 42.374731 30.887956 57.308524 22.275159 74.214622 94.529405 15.925601
0.113529 40.951252 30.035739 55.093659 21.804200 71.007884 90.393271 15.617151
0.117706 39.023633 28.861293 51.991962 21.177600 66.596641 83.998060 15.203487
0.121672 37.450485 27.909241 49.457876 20.617579 63.107528 78.334016 14.881993
0.125895 35.976838 26.979253 47.085789 20.137599 59.798838 73.141165 14.605075
0.129539 34.842743 26.315792 45.359215 19.710090 57.292705 69.240597 14.413506
0.131795 34.225558 25.950788 44.369544 19.547562 55.906557 67.056744 14.314555
0.136014 33.176991 25.356858 42.809906 19.217755 53.399087 63.663772 14.165835
0.139053 32.498366 24.955749 41.784598 19.080023 51.859132 61.582513 14.085444
0.140825 32.107430 24.744772 41.256282 18.935813 51.017324 60.454831 14.029559
0.144370 31.445632 24.363383 40.170551 18.742144 49.535421 58.369453 13.938932
0.147169 30.959015 24.139384 39.428094 18.646033 48.446202 56.857320 13.878787
0.150071 30.497782 23.904843 38.660225 18.545812 47.410685 55.413195 13.832827
0.153819 29.973082 23.587291 37.890645 18.447498 46.302521 53.741010 13.796256
0.156178 29.699059 23.443523 37.488998 18.409231 45.647856 52.775097 13.785448
0.159301 29.333634 23.262155 36.947866 18.374870 44.807078 51.656358 13.784632
0.161614 29.077655 23.141778 36.532610 18.349852 44.243545 50.975251 13.793369
0.164444 28.802163 22.989712 36.101417 18.338696 43.604705 50.133432 13.814245
0.168858 28.429714 22.826016 35.553619 18.373192 42.642076 48.989921 13.867782
0.172208 28.219170 22.721496 35.135814 18.405686 42.032717 48.029711 13.924309
0.175935 28.031961 22.643796 34.763151 18.414380 41.461030 47.005250 14.031824
0.179312 27.869778 22.584633 34.515686 18.458069 40.932034 46.363912 14.163310
0.181809 27.789887 22.565644 34.341413 18.514823 40.594881 45.886625 14.267748
0.185170 27.703270 22.528245 34.153027 18.525231 40.301472 45.329837 14.417608
0.187546 27.613735 22.519506 34.041402 18.596899 40.104791 44.980073 14.529793
0.191709 27.522584 22.493843 33.795640 18.718876 39.800916 44.380561 14.738416
0.195409 27.452946 22.513614 33.623813 18.835483 39.570374 43.928843 14.910987
0.198143 27.417864 22.541698 33.569068 18.957602 39.417330 43.600225 15.001667
0.203369 27.355499 22.608917 33.473789 19.051493 39.107249 43.060664 15.179124
0.206847 27.342076 22.645414 33.374091 19.157709 39.010880 42.947195 15.300322
0.211104 27.345723 22.702885 33.321041 19.267288 38.814934 42.846836 15.544615
0.213583 27.345759 22.729085 33.338058 19.354909 38.697358 42.715813 15.709591
0.217425 27.395302 22.771221 33.307588 19.484816 38.534405 42.531624 15.879171
0.220717 27.399191 22.812551 33.276426 19.610579 38.457032 42.390960 16.026097
0.225391 27.449605 22.891542 33.322563 19.772352 38.354835 42.260355 16.241090
0.229350 27.503748 22.945228 33.327753 19.868043 38.222814 42.110624 16.428977
0.232573 27.515541 23.006189 33.375218 19.973311 38.161820 42.027760 16.585772
0.238236 27.584382 23.125537 33.499636 20.150428 38.194435 42.115099 16.869429
0.242057 27.656524 23.201671 33.618412 20.316337 38.280565 42.192049 17.066554
0.247053 27.762902 23.289263 33.707244 20.452047 38.310187 42.418453 17.331097
0.252788 27.900416 23.423980 33.872442 20.613413 38.427349 42.755901 17.462971
0.256778 28.042375 23.561525 33.990366 20.769301 38.525548 42.793274 17.670829
0.260304 28.146677 23.655172 34.126648 20.933341 38.615898 42.856150 17.877954
0.267422 28.361062 23.877882 34.396260 21.193088 38.748559 42.919198 18.305953
0.271479 28.516834 24.003013 34.549559 21.293706 38.927112 42.947231 18.555727
0.276805 28.727625 24.159198 34.779452 21.489697 39.146969 43.066576 18.809938
0.286573 29.144360 24.511681 35.209613 21.838550 39.646241 43.699923 19.351508
0.294454 29.472142 24.759190 35.602625 22.092436 40.019832 44.239150 19.707307
0.305081 29.915523 25.182471 36.148299 22.466456 40.618863 44.960618 20.192492
0.314981 30.414706 25.578386 36.725447 22.812934 41.354875 45.596629 20.313849
0.323396 30.852631 25.934195 37.238577 23.133852 41.948637 46.402948 20.469015
0.335196 31.506190 26.423366 38.014039 23.540778 42.768223 47.355447 21.038009
0.344245 31.982042 26.812441 38.574947 23.880367 43.472340 48.109310 21.140444
0.358203 32.785844 27.461539 39.578950 24.356869 44.561578 49.307843 21.155693
0.377595 33.868379 28.371371 40.972779 24.907412 46.297206 50.890268 21.280902
0.395696 34.956702 29.246278 42.344762 25.445654 47.891355 52.697075 21.449877
0.418463 36.377684 30.298774 44.067735 26.153857 50.210189 54.878368 21.794083
0.445223 37.949930 31.520400 46.090303 26.865051 52.649565 58.487968 22.301933
0.487143 40.393114 33.302807 49.321953 28.105812 56.743322 63.203496 23.041810
0.528015 42.769034 34.983037 52.474938 29.121547 60.796246 67.856037 23.476823
0.595740 46.628984 37.773884 57.640145 30.946632 67.114709 75.670777 24.245482
0.728310 53.637047 42.828135 67.275468 34.159407 79.742284 92.302778 25.802151
0.835320 59.033316 46.533234 74.805914 36.493953 89.277408 106.014931 27.002134
1.003008 67.031350 51.962945 86.529842 39.869289 104.996588 127.889264 28.786780
1.301819 79.942966 60.654852 106.085995 45.286007 133.066866 167.866680 31.604293
2.132274 110.773391 79.617638 155.366327 56.042359 205.533602 280.808009 37.268727
