0.020056 -0.350063 -0.385159 -0.316137 -0.412526 -0.286822 -0.270160 -0.432339
0.030854 -0.772605 -0.891863 -0.658685 -0.984323 -0.559259 -0.501292 -1.052860
0.037510 -0.731714 -0.934334 -0.539645 -1.090694 -0.369594 -0.271635 -1.207220
0.045295 0.134964 -0.192878 0.446360 -0.450174 0.724643 0.881769 -0.636850
0.053030 2.477370 1.997144 2.932906 1.618103 3.339968 3.569321 1.346470
0.057996 5.057722 4.470743 5.617623 4.002743 6.119840 6.400980 3.663778
0.062621 8.384044 7.690682 9.047530 7.133893 9.643985 9.977389 6.725830
0.068153 13.685347 12.862420 14.479511 12.190691 15.192078 15.590636 11.693440
0.074418 21.600796 20.626544 22.538287 19.826722 23.396737 23.869542 19.215865
0.078265 27.528556 26.463767 28.553365 25.580140 29.499436 30.020188 24.895900
0.083362 36.669668 35.479706 37.810243 34.488662 38.871194 39.452897 33.705393
0.085191 40.305753 39.075038 41.490308 38.046432 42.585397 43.194606 37.224969
0.089942 50.633369 49.289767 51.925699 48.166203 53.114500 53.789366 47.280654
0.095818 65.127571 63.650378 66.540722 62.413848 67.853138 68.605365 61.456401
0.099625 75.489789 73.932403 76.976049 72.612326 78.367780 79.175394 71.625344
0.102301 83.205348 81.592999 84.749800 80.227269 86.190033 87.031989 79.214498
0.105138 91.764673 90.100068 93.370239 88.691505 94.856397 95.726167 87.643176
0.108263 101.626493 99.898476 103.290634 98.422362 104.812664 105.722164 97.346253
0.110879 110.199919 108.418344 111.915284 106.905738 113.468326 114.420375 105.789435
0.113529 119.178362 117.350124 120.938447 115.781146 122.520787 123.521188 114.634712
0.117706 133.870297 131.962486 135.697219 130.336114 137.323522 138.395985 129.137924
0.121672 148.369877 146.399192 150.259170 144.702466 151.929537 153.067356 143.457147
0.125895 164.350870 162.304154 166.292867 160.573448 168.029873 169.215246 159.268944
0.129539 178.527760 176.424384 180.510544 174.639479 182.305552 183.524826 173.326065
0.131795 187.460497 185.335518 189.476710 183.506758 191.298165 192.539037 182.192729
0.136014 204.440637 202.263950 206.515015 200.392569 208.406420 209.647508 199.052010
0.139053 216.874301 214.665090 218.982988 212.755220 220.904361 222.179815 211.369815
0.140825 224.182862 221.960949 226.315881 220.036153 228.251077 229.553551 218.618932
0.144370 238.935151 236.681616 241.117961 234.717587 243.093508 244.425480 233.250756
0.147169 250.682772 248.399377 252.876713 246.400132 254.890997 256.246349 244.901274
0.150071 262.934384 260.623979 265.153562 258.583443 267.193156 268.556399 257.055177
0.153819 278.821719 276.488753 281.064526 274.403307 283.134580 284.512481 272.828075
0.156178 288.849426 286.493525 291.110603 284.389135 293.194820 294.581014 282.788186
0.159301 302.139716 299.743478 304.423373 297.617964 306.548775 307.916850 295.988414
0.161614 311.987109 309.570163 314.286493 307.408099 316.427468 317.794650 305.771338
0.164444 324.020727 321.585917 326.342591 319.399684 328.500408 329.867432 317.733677
0.168858 342.737858 340.286785 345.087156 338.069678 347.293061 348.672773 336.351146
0.172208 356.874048 354.402584 359.250899 352.173795 361.482670 362.869353 350.414774
0.175935 372.523314 370.035021 374.923743 367.785781 377.183229 378.577616 365.991047
0.179312 386.600477 384.093050 389.009689 381.831058 391.280479 392.704359 380.011811
0.181809 396.942464 394.426822 399.358260 392.149198 401.650752 403.081091 390.314910
0.185170 410.757869 408.226808 413.194933 405.938506 415.500170 416.940320 404.081105
0.187546 420.451960 417.912612 422.890586 415.610387 425.197424 426.661033 413.737411
0.191709 437.268564 434.713763 439.708355 432.379223 442.029529 443.526134 430.494168
0.195409 452.011928 449.455712 454.459727 447.096606 456.791287 458.322518 445.202086
0.198143 462.784969 460.236929 465.245735 457.859872 467.603410 469.124727 455.946296
0.203369 483.077046 480.506423 485.558891 478.132718 487.942561 489.476516 476.188697
0.206847 496.348444 493.768921 498.832759 491.385625 501.237928 502.781213 489.429265
0.211104 512.332647 509.742458 514.834088 507.351808 517.247117 518.803582 505.379923
0.213583 521.511808 518.910913 524.016419 516.511662 526.423550 527.995954 514.533778
0.217425 535.527298 532.908555 538.040425 530.505976 540.460440 542.033159 528.517125
0.220717 547.344562 544.711744 549.856028 542.316450 552.271931 553.867570 540.306816
0.225391 563.785919 561.150188 566.319194 558.736364 568.746519 570.343805 556.727500
0.229350 577.417032 574.785517 579.974666 572.368762 582.400725 584.002737 570.344450
0.232573 588.315085 585.690861 590.877294 583.264909 593.306732 594.920595 581.231316
0.238236 607.036236 604.394888 609.608732 601.960309 612.038550 613.664509 599.927162
0.242057 619.351603 616.716826 621.927455 614.261705 624.361661 625.997916 612.229494
0.247053 635.078328 632.441474 637.662523 629.959628 640.078223 641.752099 627.937197
0.252788 652.590951 649.957948 655.212685 647.472138 657.614063 659.306062 645.400685
0.256778 664.450074 661.810285 667.085636 659.352149 669.456049 671.187687 657.253721
0.260304 674.709521 672.080207 677.353109 669.602632 679.736690 681.470698 667.510978
0.267422 694.803248 692.178741 697.455293 689.683730 699.839908 701.601182 687.594889
0.271479 705.882634 703.269905 708.546905 700.757896 710.929811 712.706978 698.677587
0.276805 720.046980 717.424249 722.726008 714.897631 725.083367 726.884340 712.832721
0.286573 744.891567 742.252825 747.599740 739.706475 749.956355 751.748239 737.670255
0.294454 763.907100 761.239306 766.640727 758.703741 768.984339 770.781558 756.686447
0.305081 788.173284 785.463153 790.923020 782.938474 793.247038 795.062591 780.911447
0.314981 809.435453 806.709652 812.189257 804.172042 814.518844 816.355381 802.093264
0.323396 826.521913 823.782862 829.294297 821.252725 831.620902 833.467676 819.134347
0.335196 849.079419 846.327991 851.864938 843.806354 854.183576 856.044427 841.607580
0.344245 865.322284 862.579149 868.125997 860.029474 870.443398 872.300519 857.797049
0.358203 888.721755 885.952566 891.563795 883.435889 893.835970 895.795726 881.118953
0.377595 918.212181 915.431783 921.057736 912.853738 923.334711 925.334370 910.494781
0.395696 942.888640 940.088494 945.762769 937.471193 948.024397 949.991325 935.097425
0.418463 970.518587 967.698931 973.410591 965.015197 975.689675 977.596872 962.711346
0.445223 998.836903 995.962752 1001.719354 993.269992 1004.024257 1005.930697 990.982944
0.487143 1035.742005 1032.863597 1038.661526 1030.106044 1040.999606 1042.971669 1027.860126
0.528015 1064.852386 1061.933843 1067.789900 1059.123814 1070.179805 1072.181366 1056.876306
0.595740 1102.114378 1099.140899 1105.080031 1096.256816 1107.477731 1109.557385 1094.097148
0.728310 1149.681615 1146.667621 1152.740419 1143.738148 1155.136355 1157.124347 1141.486749
0.835320 1173.764807 1170.708841 1176.840525 1167.753098 1179.251881 1181.262678 1165.486001
1.003008 1197.830542 1194.728117 1200.912738 1191.733632 1203.345844 1205.376539 1189.391152
1.301819 1220.573498 1217.425787 1223.670534 1214.411342 1226.118618 1228.157928 1212.098512
2.132274 1241.929704 1238.740693 1245.054958 1235.734164 1247.504313 1249.553449 1233.308790
