0.020056 -203.760685 -240.707227 -170.254615 -256.289630 -158.039181 -155.496265 -258.748613
0.030854 -450.267311 -531.911225 -376.226099 -566.344986 -349.232617 -343.613319 -571.778812
0.037510 -427.798820 -505.368675 -357.452289 -538.084179 -331.805791 -326.466898 -543.246855
0.045295 74.484971 62.236600 87.980673 57.784363 93.716272 94.574353 56.834928
0.053030 1434.086484 1198.264095 1693.924183 1112.543538 1804.353772 1820.874727 1094.263718
0.057996 2933.274086 2450.924025 3464.744955 2275.591582 3690.617143 3724.409029 2238.202119
0.062621 4866.309756 4066.089682 5748.021385 3775.212677 6122.743965 6178.804797 3713.183456
0.068153 7947.082663 6640.257699 9386.990018 6165.231710 9998.942702 10090.494635 6063.932909
0.074418 12547.582004 10484.247054 14821.039620 9734.232515 15787.246569 15931.797147 9574.292689
0.078265 15991.902360 13362.180470 18889.425739 12406.286396 20120.857196 20305.087012 12202.442972
0.083362 21302.685797 17799.654207 25162.453619 16526.315322 26802.833657 27048.244728 16254.777120
0.085191 23416.596808 19565.951911 27659.377635 18166.256890 29462.536088 29732.299824 17867.773371
0.089942 29419.201552 24581.483277 34749.575786 22822.990773 37014.955439 37353.870346 22447.994062
0.095818 37842.826322 31619.920096 44699.451102 29357.916952 47613.478820 48049.435518 28875.547117
0.099625 43866.038562 36652.670244 51813.990559 34030.637833 55191.826326 55697.171596 33471.492128
0.102301 48352.862153 40401.676785 57113.767853 37511.450636 60837.104460 61394.138808 36895.112893
0.105138 53328.953286 44559.495303 62991.461565 41371.830117 67097.974295 67712.334178 40692.063807
0.108263 59057.471614 49346.011253 69757.912429 45815.931725 74305.540764 74985.894288 45063.145910
0.110879 64042.506155 53511.302516 75646.169977 49683.249372 80577.663108 81315.445197 48866.920992
0.113529 69260.099748 57870.910626 81809.123232 53730.982966 87142.389007 87940.278785 52848.147667
0.117706 77797.030541 65004.021331 91892.834140 60353.810319 97883.472932 98779.709809 59362.157621
0.121672 86226.800131 72047.592512 101849.967638 66893.503561 108489.727667 109483.077125 65794.399413
0.125895 95514.432300 79807.958626 112820.397184 74098.714175 120175.336818 121275.681599 72881.223691
0.129539 103752.025988 86690.955471 122550.535021 80489.320134 130539.797687 131735.041145 79166.827801
0.131795 108944.392481 91029.484846 128683.690356 84517.482909 137072.783092 138327.843619 83128.805219
0.136014 118819.199974 99280.470680 140347.683709 92178.215641 149497.170569 150865.990792 90663.667087
0.139053 126044.751264 105317.846232 148882.410313 97783.693755 158588.289461 160040.349436 96177.043518
0.140825 130295.473186 108869.575861 153903.307407 101081.342300 163936.506755 165437.535871 99420.509534
0.144370 138871.977941 116035.752954 164033.762561 107734.870560 174727.382259 176327.214373 105964.715960
0.147169 145698.063992 121739.351667 172096.646053 113030.449323 183315.897843 184994.367792 111173.284889
0.150071 152816.540711 127687.260079 180504.897575 118552.860533 192272.296543 194032.772723 116604.959261
0.153819 162051.056105 135403.243987 191412.586283 125716.863923 203891.074681 205757.934270 123651.253375
0.156178 167880.429660 140274.030445 198298.166021 130239.207557 211225.536222 213159.551325 128099.291936
0.159301 175603.985639 146727.518376 207421.129245 136231.030501 220943.239808 222966.231773 133992.665298
0.161614 181326.543903 151509.054340 214180.540160 140670.508378 228143.307381 230232.224327 138359.199641
0.164444 188322.312485 157354.432846 222443.850438 146097.724393 236945.315889 239114.825446 143697.242937
0.168858 199206.724524 166449.003004 235300.375465 154541.693720 250639.978061 252934.878154 152002.472309
0.172208 207426.249406 173316.902294 245009.170665 160918.282160 260981.704933 263371.295547 158274.289218
0.175935 216523.477810 180918.174798 255754.697776 167975.780289 272427.749904 274922.142353 165215.828023
0.179312 224706.883630 187755.894475 265420.829613 174324.348084 282724.032121 285312.698992 171460.084684
0.181809 230719.165601 192779.511736 272522.458378 178988.589420 290288.627267 292946.556792 176047.689475
0.185170 238750.719926 199490.350505 282009.225218 185219.353023 300393.851399 303144.305987 182176.077544
0.187546 244383.419235 204196.803996 288662.495911 189589.119623 307480.859302 310296.203679 186474.046012
0.191709 254156.000616 212362.373866 300205.741118 197170.546818 319776.626871 322704.553280 193930.905384
0.195409 262731.759332 219527.927598 310335.315061 203823.496311 330566.563715 333593.284527 200474.542553
0.198143 268995.304062 224761.489758 317733.732108 208682.663659 338447.295239 341546.173301 205253.870593
0.203369 280793.619767 234619.680495 331669.748183 217835.626223 353291.822182 356526.619129 214256.443978
0.206847 288509.296537 241066.584879 340783.404588 223821.336590 362999.612222 366323.295261 220143.805197
0.211104 297802.616405 248831.703403 351760.552371 231030.959640 374692.377582 378123.121468 227234.969410
0.213583 303135.156232 253287.355890 358059.278613 235167.866858 381401.727722 384893.903501 231303.904529
0.217425 311280.058874 260092.903884 367679.931000 241486.564445 391649.565613 395235.572249 237518.781769
0.220717 318146.276251 265830.034694 375790.217090 246813.276510 400288.574044 403953.680836 242757.972460
0.225391 327708.162505 273819.556321 387084.591971 254231.249474 412319.247037 416094.508613 250054.063262
0.229350 335636.235951 280443.930693 396449.128549 260381.734108 422294.272525 426160.867045 256103.491399
0.232573 341974.056914 285739.555040 403935.279711 265298.523882 430268.457688 434208.065134 260939.495092
0.238236 352856.415822 294832.409686 416789.379607 273740.900420 443960.536631 448025.510961 269243.157845
0.242057 360016.291872 300814.909690 425246.531478 279295.428634 452969.023571 457116.481062 274706.421516
0.247053 369156.974294 308452.490598 436043.385907 286386.637761 464469.741968 468722.501893 281681.117426
0.252788 379343.100028 316963.601239 448075.104291 294288.886679 477285.827051 481655.933119 289453.527210
0.256778 386238.403691 322725.035361 456219.746720 299638.163464 485961.431566 490410.972869 294714.911867
0.260304 392204.835330 327710.341958 463267.217674 304266.834775 493468.338266 497986.614019 299267.531073
0.267422 403885.777083 337470.459813 477064.593174 313328.740327 508165.186436 512818.028903 308180.543571
0.271479 410330.751998 342855.617626 484677.313181 318328.658586 516274.191667 521001.281495 313098.309893
0.276805 418561.654173 349733.023317 494399.547090 324714.073365 526630.233339 531452.144756 319378.808119
0.286573 433002.034057 361798.814973 511456.334790 335916.711080 544798.979931 549787.247324 330397.379147
0.294454 444056.175790 371035.204332 524513.342311 344492.354248 558707.194366 563822.807616 338832.118872
0.305081 458157.156801 382817.408152 541169.236504 355431.691230 576448.912572 581726.971857 349591.715370
0.314981 470506.762528 393136.234314 555756.429137 365012.336613 591987.067300 597407.396437 359014.944465
0.323396 480441.225911 401437.066174 567490.887246 372719.349522 604486.513241 610021.289323 366595.326096
0.335196 493550.899208 412390.973755 582975.861744 382889.644326 620980.977649 626666.779709 376598.516284
0.344245 502994.823022 420281.930785 594130.900935 390216.103737 632863.231440 638657.829334 383804.597161
0.358203 516598.619452 431648.707475 610199.527210 400769.732117 649979.396805 655930.713071 394184.822503
0.377595 533732.506272 445965.083519 630437.850045 414061.953529 671537.087826 677685.789791 407258.643997
0.395696 548073.197312 457947.579249 647376.886588 425187.254082 689580.406877 695894.316383 418201.148563
0.418463 564130.895582 471364.736094 666344.029595 437644.583993 709784.047852 716282.945157 430453.796371
0.445223 580579.707088 485108.691186 685773.150437 450405.333892 730479.783726 737168.174528 443004.878778
0.487143 602038.075425 503038.427365 711119.494234 467052.425475 757478.495652 764414.091018 459378.447726
0.528015 618957.382239 517175.509119 731104.357975 480178.178824 778766.204180 785896.713242 472288.536336
0.595740 640607.934056 535265.825965 756677.706384 496974.363571 806006.719507 813386.647123 488808.748749
0.728310 668266.068779 558375.833726 789347.133084 518431.144186 840805.917660 848504.472352 509912.980383
0.835320 682265.970165 570073.579539 805883.633348 529292.065057 858420.458457 866280.294728 520595.449199
1.003008 696252.236873 581759.932773 822404.028508 540142.408343 876017.844234 884038.805009 531267.514226
1.301819 709466.151805 592800.940407 838012.131860 550393.572299 892643.464462 900816.652099 541350.244833
2.132274 721876.645421 603170.642002 852671.244471 560021.453626 908258.227744 916574.386674 550819.933754
