0.020056 2.162310 2.008121 2.331408 1.876343 2.494129 2.651069 1.753180
0.030854 6.034616 5.649807 6.435515 5.309778 6.847380 7.266147 4.957931
0.037510 10.031255 9.383891 10.698080 8.809493 11.395592 12.140906 8.246039
0.045295 16.595860 15.510334 17.696487 14.552784 18.859748 20.093775 13.643343
0.053030 25.334713 23.680001 27.024566 22.237015 28.779799 30.577651 20.843117
0.057996 32.186255 30.085069 34.299172 28.234245 36.505053 38.737541 26.505611
0.062621 39.450857 36.870775 42.015102 34.603548 44.655426 47.350717 32.535862
0.068153 49.262526 46.056273 52.397019 43.246251 55.683829 58.955864 40.714075
0.074418 61.784464 57.813546 65.673367 54.387541 69.679331 73.714013 51.157450
0.078265 70.212323 65.751665 74.574487 61.887485 79.057691 83.492827 58.211734
0.083362 82.204724 77.046251 87.235663 72.550468 92.387509 97.478866 68.293575
0.085191 86.719676 81.310050 92.010166 76.585133 97.417775 102.737170 72.109111
0.089942 98.979966 92.883820 104.932731 87.584020 110.977816 116.956764 82.493936
0.095818 115.126096 108.179637 121.891694 102.098800 128.845595 135.524405 96.242596
0.099625 126.123425 118.635937 133.435105 112.017577 140.898741 148.148062 105.651481
0.102301 134.069015 126.205478 141.765322 119.184792 149.649733 157.256723 112.486430
0.105138 142.729034 134.403591 150.810954 127.007709 159.143018 167.111864 119.924259
0.108263 152.469899 143.678990 161.013238 135.838235 169.784164 178.182364 128.331660
0.110879 160.786235 151.598316 169.706393 143.352349 178.903910 187.614151 135.534494
0.113529 169.377210 159.750164 178.669924 151.138206 188.213698 197.336610 142.977916
0.117706 183.174530 172.879112 193.016185 163.803712 203.211299 212.892659 154.982367
0.121672 196.533374 185.582304 206.924163 176.029477 217.729343 227.956749 166.665058
0.125895 210.961666 199.379999 221.941117 189.386721 233.333790 244.158672 179.383776
0.129539 223.573208 211.490112 235.112364 201.102551 247.069056 258.286493 190.560206
0.131795 231.517107 219.069620 243.311940 208.360890 255.638711 267.090223 197.564864
0.136014 246.407437 233.441875 258.789902 222.217860 271.774971 283.472130 210.819145
0.139053 257.246426 243.867892 270.008625 232.272769 283.464105 295.238368 220.474193
0.140825 263.591260 249.995604 276.585457 238.105353 290.250992 302.207514 226.141164
0.144370 276.372858 262.225100 289.735307 249.937264 303.739191 316.168631 237.570284
0.147169 286.481928 271.911045 300.171655 259.342563 314.487034 327.193944 246.696874
0.150071 297.004103 281.968388 310.992522 269.126598 325.715972 338.618946 256.209455
0.153819 310.586747 295.012375 324.946507 281.711435 340.151449 353.342090 268.550522
0.156178 319.120569 303.289099 333.797756 289.817414 349.116988 362.658066 276.345529
0.159301 330.419233 314.159941 345.326484 300.358635 360.959826 375.009032 286.322752
0.161614 338.832579 322.212665 353.938822 308.047381 369.804454 384.130404 293.931973
0.164444 348.992060 332.094469 364.434081 317.561130 380.608949 395.250954 303.246128
0.168858 364.834980 347.464439 380.630332 332.297684 397.390511 412.496275 317.770500
0.172208 376.829524 359.032493 392.933730 343.614821 410.030745 425.481268 328.501585
0.175935 390.018761 371.819117 406.553447 356.100302 423.997994 439.806016 340.372438
0.179312 401.960045 383.314064 418.737719 367.337367 436.573661 452.700280 351.070655
0.181809 410.657189 391.840204 427.742312 375.573834 445.935617 462.151180 358.981491
0.185170 422.352845 403.236308 439.768442 386.598226 458.287039 474.765458 369.838025
0.187546 430.562775 411.287060 448.177331 394.346045 466.833191 483.606570 377.476898
0.191709 444.788398 425.060291 462.869883 407.823039 481.652325 498.938740 390.781978
0.195409 457.275425 437.348653 475.755916 419.700616 494.685656 512.389885 402.514858
0.198143 466.423502 446.300439 485.193866 428.380584 504.312216 522.214548 411.119864
0.203369 483.710677 463.190923 502.982235 444.695970 522.411631 540.726398 427.414345
0.206847 494.987487 474.344187 514.562381 455.423904 534.324303 552.839713 438.133565
0.211104 508.633158 487.824983 528.592430 468.616871 548.665874 567.441005 450.870996
0.213583 516.543583 495.530247 536.711389 476.146193 556.895806 575.826050 458.056742
0.217425 528.552215 507.397670 549.114282 487.576831 569.481064 588.644601 469.067155
0.220717 538.776888 517.462328 559.539373 497.412491 580.109734 599.522637 478.382964
0.225391 552.957963 531.266022 574.177162 511.106828 595.039825 614.548611 491.409908
0.229350 564.747256 542.801328 586.466553 522.733536 607.268326 627.077071 502.260137
0.232573 574.242205 552.224689 596.187587 532.161412 617.100880 637.106930 510.967082
0.238236 590.529694 568.331394 613.192968 547.814312 634.069205 654.361135 525.988188
0.242057 601.419475 578.981171 624.247228 558.383941 645.301926 665.737250 535.921357
0.247053 615.195901 592.566226 638.461987 571.860682 659.746798 680.552929 548.662346
0.252788 630.774016 607.775309 654.404722 586.887028 675.586745 697.142717 562.941760
0.256778 641.297708 618.171037 665.165264 597.043343 686.450170 708.404990 572.657809
0.260304 650.430798 627.282041 674.561383 605.908818 695.862053 718.171786 581.098215
0.267422 668.465448 644.968743 692.941125 623.470966 714.531352 737.353241 598.330077
0.271479 678.516616 654.730611 703.190423 633.302468 724.950721 747.971869 608.076900
0.276805 691.327709 667.377519 716.253832 645.606284 738.216906 761.570592 620.603961
0.286573 713.791343 689.566716 739.218460 667.597304 761.737887 785.488107 641.758528
0.294454 731.275705 706.846212 756.985263 684.181114 779.558950 803.560330 658.044679
0.305081 753.936360 728.861000 779.848186 705.589513 802.769786 826.875644 679.005417
0.314981 773.662138 748.320648 799.964655 724.797250 822.870801 847.409707 697.085821
0.323396 789.609118 764.101004 816.156193 740.244894 839.491353 864.140882 712.231203
0.335196 810.877320 785.100039 837.696862 760.837176 861.556728 886.826371 732.573252
0.344245 826.340350 800.389384 853.415365 776.029037 877.451614 903.266542 747.106600
0.358203 848.681078 822.535405 876.196420 797.716523 900.919839 927.096358 768.225989
0.377595 877.259030 850.510046 905.193398 825.363020 929.845984 956.893598 795.227257
0.395696 901.567104 874.174515 929.865831 848.783036 954.544165 981.203611 819.223432
0.418463 928.819229 901.068904 957.732873 875.342598 983.251766 1010.101963 846.415768
0.445223 957.204332 928.912705 986.391911 902.550822 1012.992778 1041.020204 872.945259
0.487143 994.539847 965.416096 1024.564455 938.092238 1051.563038 1081.325883 908.080818
0.528015 1024.530059 994.704188 1055.309523 966.933386 1082.515902 1114.517054 936.447584
0.595740 1063.309729 1032.514564 1094.453856 1004.200914 1122.705088 1155.316339 972.927738
0.728310 1113.705729 1081.981503 1146.258581 1052.052267 1175.476185 1210.555218 1019.234741
0.835320 1139.755216 1107.050010 1172.904945 1076.825409 1202.516676 1239.731768 1042.687846
1.003008 1166.111377 1132.210816 1199.364800 1101.500370 1230.148815 1269.232336 1066.033010
1.301819 1191.188318 1156.607005 1224.802955 1125.268136 1256.323913 1297.298727 1087.781774
2.132274 1214.845923 1179.598275 1249.172125 1146.951389 1281.214570 1323.283358 1109.802959
