0.020056 1284.617057 1078.946632 1503.662978 986.459884 1592.449371 1611.012559 968.923437
0.030854 3561.172580 2991.019885 4168.404382 2734.631206 4414.535059 4465.995312 2686.017251
0.037510 5913.521611 4966.751914 6921.863190 4541.004507 7330.576626 7416.029187 4460.278379
0.045295 9779.533506 8213.805573 11447.086432 7509.722405 12122.999534 12264.317389 7376.220927
0.053030 14935.593858 12544.367682 17482.330184 11469.070969 18514.604737 18730.429560 11265.183549
0.057996 18973.094756 15935.454523 22208.283801 14569.475597 23519.610495 23793.778689 14310.471813
0.062621 23256.466542 19533.047703 27222.032875 17858.684950 28829.405091 29165.469583 17541.208391
0.068153 29040.332215 24390.901921 33992.131900 22300.126415 35999.256374 36418.899851 21903.693675
0.074418 36448.119327 30612.683667 42663.054627 27988.580246 45182.168795 45708.857519 27491.022998
0.078265 41435.409557 34801.496177 48500.750494 31818.329912 51364.561554 51963.318455 31252.690621
0.083362 48537.860825 40766.827117 56814.273167 37272.315767 60168.970614 60870.360548 36609.720140
0.085191 51218.353890 43018.166495 59951.829349 39330.671497 63491.789250 64231.913294 38631.484167
0.089942 58493.930396 49128.904886 68467.997635 44917.600553 72510.809486 73356.068286 44119.093535
0.095818 68083.050919 57182.783073 79692.202896 52281.104464 84397.767443 85381.592559 51351.695317
0.099625 74618.265959 62671.693734 87341.767302 57299.508540 92499.013667 93577.275043 56280.886461
0.102301 79352.368615 66647.854637 92883.103424 60934.834986 98367.547606 99514.218506 59851.587155
0.105138 84491.651775 70964.325625 98898.709229 64881.300312 104738.355305 105959.290736 63727.895566
0.108263 90285.688804 75830.722740 105680.713975 69330.552381 111920.815302 113225.476698 68098.052605
0.110879 95237.059946 79989.366897 111476.366026 73132.719711 118058.681696 119434.892225 71832.628228
0.113529 100341.929454 84276.933946 117451.690151 77052.758729 124386.829212 125836.806983 75682.980116
0.117706 108549.996996 91170.869211 127059.352778 83355.749426 134561.792968 136130.380333 81873.921588
0.121672 116509.350022 97855.909781 136375.891443 89467.751773 144428.442841 146112.045783 87877.269940
0.125895 125143.247960 105107.498924 146481.994753 96097.738443 155131.278576 156939.644518 94389.394329
0.129539 132703.956109 111457.718665 155331.913782 101903.620630 164503.756447 166421.377401 100092.064465
0.131795 137430.271627 115427.339171 160864.134946 105532.967318 170362.637219 172348.555170 103656.891704
0.136014 146348.167951 122917.457843 171302.662505 112381.036889 181417.525769 183532.310600 110383.222101
0.139053 152823.948621 128356.449726 178882.658114 117353.801199 189445.095386 191653.457629 115267.584823
0.140825 156616.982340 131542.209198 183322.459337 120266.479015 194147.052384 196410.225359 118128.483523
0.144370 164238.008924 137943.090240 192242.981972 126118.679844 203594.302774 205967.602384 123876.648887
0.147169 170277.514475 143015.655748 199312.311199 130756.427658 211081.052824 213541.625510 128431.950753
0.150071 176555.389314 148288.427022 206660.655151 135577.219703 218863.292509 221414.582795 133167.042845
0.153819 184674.432153 155107.590663 216164.113068 141811.848162 228927.898606 231596.512046 139290.837365
0.156178 189788.066109 159402.518949 222149.696106 145738.617415 235266.910791 238009.418122 143147.799844
0.159301 196552.726912 165084.140528 230067.830119 150933.213329 243652.584782 246492.843948 148250.050636
0.161614 201558.850611 169288.771221 235927.570836 154777.425252 249858.324067 252770.923561 152025.923419
0.164444 207673.920346 174424.802897 243085.349041 159473.198948 257438.745720 260439.710220 156638.219631
0.168858 217182.099138 182410.698328 254214.810827 166774.547550 269225.365910 272363.727088 163809.771049
0.172208 224361.271166 188440.466842 262618.136268 172287.447424 278124.880298 281366.983152 169224.667262
0.175935 232309.667050 195116.304535 271921.849438 178391.035760 287977.947373 291334.907469 175219.751181
0.179312 239464.692549 201125.792440 280296.911015 183885.393468 296847.529008 300307.881854 180616.434856
0.181809 244725.854625 205544.629223 286455.177867 187925.449846 303369.421423 306905.799995 184584.670537
0.185170 251761.467791 211453.823009 294690.465568 193328.110595 312090.975991 315729.021760 189891.287364
0.187546 256701.681361 215603.095950 300473.057518 197121.710004 318215.011128 321924.444799 193617.447380
0.191709 265286.509024 222813.471093 310521.723357 203714.015517 328857.017896 332690.505483 200092.560474
0.195409 272836.255789 229154.484395 319358.811926 209511.480436 338215.907710 342158.491914 205786.962978
0.198143 278361.163934 233794.840837 325825.797392 213754.067922 345064.747567 349087.168724 209954.129341
0.203369 288795.365771 242558.500693 338039.182643 221766.511385 357999.293364 362172.492574 217824.134377
0.206847 295639.855239 248307.170167 346050.757271 227022.407883 366483.925333 370756.029932 222986.596003
0.211104 303907.625277 255251.249409 355728.302542 233371.244241 376732.898074 381124.474990 229222.568132
0.213583 308664.092886 259246.194579 361295.817167 237023.744776 382629.156271 387089.465892 232810.137610
0.217425 315947.451955 265363.469526 369821.095058 242616.650077 391657.824004 396223.380841 238303.616982
0.220717 322105.334526 270535.459595 377028.986311 247345.299830 399291.317716 403945.858221 242948.204809
0.225391 330709.436962 277762.023571 387100.213552 253952.406478 409957.218064 414736.091012 249437.855917
0.229350 337869.735186 283775.940024 395481.446931 259450.813121 418833.335925 423715.677815 254838.516548
0.232573 343611.626219 288598.539848 402202.414029 263860.022180 425951.154200 430916.468527 259169.342428
0.238236 353509.096613 296911.400316 413787.547307 271460.308546 438220.351796 443328.688209 266634.517346
0.242057 360048.304181 302403.664290 421441.785024 276481.778491 446326.547275 451529.377641 271566.719857
0.247053 368429.219192 309442.773710 431251.768133 282917.499089 456715.777877 462039.715546 277888.031671
0.252788 377813.125943 317324.293367 442235.767685 290123.418955 468348.346762 473807.885333 284965.850803
0.256778 384192.751235 322682.524589 449703.212023 295022.345367 476256.719323 481808.445825 289777.688255
0.260304 389731.235592 327334.283659 456186.088645 299275.358053 483122.388656 488754.148293 293955.094487
0.267422 400624.611544 336483.602697 468936.943885 307640.402192 496626.140291 502415.313217 302171.431965
0.271479 406664.178942 341556.220151 476006.345506 312278.197500 504112.967011 509989.413905 306726.780479
0.276805 414408.175050 348060.382987 485070.805760 318224.826859 513712.654066 519701.004551 312567.695704
0.286573 428079.993645 359543.309007 501073.868589 328723.442397 530660.645537 536846.558827 322879.675756
0.294454 438621.572739 368397.154751 513412.940482 336818.341059 543728.299363 550066.542347 330830.670173
0.305081 452166.989587 379773.916262 529268.048225 347219.892454 560519.599483 567053.578720 341047.311607
0.314981 464122.997028 389815.736814 543262.729103 356400.933338 575340.620604 582047.368544 350065.139731
0.323396 473805.419864 397947.979379 554596.146080 363836.084274 587343.238872 594189.901382 357368.114857
0.335196 486672.681959 408755.160420 569657.463805 373716.879342 603293.878264 610326.477442 367073.257529
0.344245 496006.867545 416594.919396 580583.264009 380884.618231 614864.811320 622032.292911 374113.574433
0.358203 509550.211368 427969.939778 596435.945246 391284.577746 631653.541656 639016.729545 384328.652285
0.377595 526775.801133 442437.669258 616598.748998 404512.140932 653006.893180 660618.997174 397321.067069
0.395696 541340.754289 454670.736748 633647.238841 415696.596200 671062.040719 678884.613641 408306.694573
0.418463 557813.205889 468505.907379 652928.483401 428345.823155 691481.779855 699542.385759 420731.054297
0.445223 574870.519529 482832.302164 672894.317497 441444.166785 712626.531307 720933.621664 433596.546679
0.487143 597409.726728 501762.925551 699276.787863 458752.066919 740566.800463 749199.590650 450596.761640
0.528015 615416.506349 516886.774423 720353.985721 472579.507283 762888.538080 771781.532853 464178.389494
0.595740 638769.810695 536501.155954 747689.368657 490512.554167 791837.986183 801068.444789 481792.637875
0.728310 669126.913350 561998.010052 783222.799538 513823.831111 829469.550214 839138.680114 504689.506702
0.835320 684723.296443 575097.372950 801478.593149 525800.323391 848803.288869 858697.792239 516453.091058
1.003008 700462.839498 588316.975538 819901.957579 537886.748479 868314.492854 878436.438407 528324.653928
1.301819 715481.187495 600930.848213 837481.152688 549419.366508 886931.682073 897270.648277 539652.254852
2.132274 729719.530504 612889.596663 854147.340596 560353.017222 904581.953996 915126.669491 550391.536394
