0.020056 46.223096 18.990782 129.705229 9.863665 301.079292 655.331531 5.959608
0.030854 45.944814 22.218329 105.889423 12.308683 208.363723 371.784946 7.502228
0.037510 44.272223 22.787392 92.373539 12.827942 168.861210 273.585071 7.831304
0.045295 41.965310 22.793915 80.133563 13.289344 135.682358 216.218506 8.311318
0.053030 39.977947 22.600695 70.498609 13.544339 113.246536 171.522032 8.681095
0.057996 38.439926 22.348204 65.839262 13.586751 101.286110 150.422577 8.812845
0.062621 36.949268 22.114213 61.774841 13.698224 92.405383 133.933184 8.897051
0.068153 35.467788 21.754748 57.419046 13.747285 84.214511 117.032248 9.034535
0.074418 33.978929 21.453885 53.236830 13.748091 76.016902 102.043509 9.142247
0.078265 33.120037 21.237922 51.102532 13.774125 71.955419 94.991645 9.219235
0.083362 32.180919 21.054466 48.711079 13.849789 67.015372 88.050999 9.335361
0.085191 31.886766 21.053759 47.897452 13.860554 65.458154 85.881506 9.381106
0.089942 31.223972 20.830382 45.890726 13.990046 61.992201 81.605075 9.510292
0.095818 30.452252 20.757644 43.838379 14.212474 58.295880 76.031726 9.691094
0.099625 29.971760 20.691179 42.651121 14.351728 56.172550 72.606061 9.777828
0.102301 29.681306 20.663298 41.894529 14.376932 54.898393 70.407728 9.819336
0.105138 29.368199 20.657564 41.151655 14.391771 53.630668 68.238779 9.868655
0.108263 29.090436 20.626004 40.384809 14.432934 52.312892 65.754516 10.010634
0.110879 28.852068 20.574097 39.791097 14.501551 51.297685 63.945154 10.127768
0.113529 28.579735 20.527677 39.126551 14.543405 50.270046 62.143872 10.245583
0.117706 28.273515 20.442404 38.231180 14.685168 48.892881 59.514516 10.375363
0.121672 27.963494 20.415370 37.546069 14.766160 47.720764 57.509395 10.500633
0.125895 27.681994 20.343837 36.846710 14.866363 46.551241 55.756406 10.638072
0.129539 27.432367 20.368377 36.307793 15.017352 45.719680 54.473121 10.760622
0.131795 27.305112 20.378577 35.918458 15.076404 45.242026 53.723360 10.838549
0.136014 27.097512 20.369610 35.374189 15.226211 44.291565 52.407344 10.988826
0.139053 26.945362 20.380046 35.004719 15.313916 43.691474 51.605479 11.100917
0.140825 26.865243 20.400780 34.806853 15.378724 43.378178 51.034341 11.167833
0.144370 26.708511 20.447864 34.495821 15.491061 42.743577 50.023533 11.305288
0.147169 26.616071 20.479365 34.258178 15.560878 42.229103 49.265209 11.417231
0.150071 26.521369 20.525974 34.013193 15.647673 41.730325 48.656248 11.536578
0.153819 26.408158 20.545481 33.680695 15.770498 41.200479 47.913210 11.695677
0.156178 26.352822 20.579628 33.488887 15.880248 40.895150 47.427121 11.798761
0.159301 26.284632 20.627769 33.322918 16.016418 40.516489 46.817504 11.938697
0.161614 26.238735 20.669302 33.174880 16.111228 40.277949 46.394297 12.044968
0.164444 26.153804 20.707202 33.018291 16.230424 40.009363 45.921523 12.178028
0.168858 26.123685 20.786391 32.795054 16.373753 39.598452 45.232633 12.392312
0.172208 26.105180 20.874878 32.692621 16.514825 39.284929 45.034796 12.560345
0.175935 26.109695 20.977266 32.575712 16.706844 39.027367 44.522403 12.752953
0.179312 26.070344 21.042199 32.472190 16.890474 38.719287 44.094508 12.932505
0.181809 26.093014 21.113810 32.434497 16.963903 38.547446 43.794051 13.068415
0.185170 26.145670 21.233423 32.386937 17.113783 38.365217 43.285724 13.255510
0.187546 26.164157 21.313339 32.361165 17.246121 38.267287 43.181573 13.390668
0.191709 26.215248 21.424598 32.301218 17.459062 38.072989 42.714513 13.633287
0.195409 26.277883 21.529261 32.295874 17.656377 37.918515 42.462206 13.858636
0.198143 26.329623 21.628911 32.337276 17.766153 37.857981 42.242892 14.043523
0.203369 26.453612 21.829343 32.344553 18.029649 37.701598 41.863353 14.396874
0.206847 26.510351 21.951941 32.413046 18.201580 37.664646 41.715660 14.632295
0.211104 26.591442 22.096629 32.407116 18.399106 37.708978 41.634833 14.921280
0.213583 26.647968 22.187032 32.429933 18.497695 37.701385 41.523404 15.090115
0.217425 26.733129 22.328898 32.478355 18.705513 37.740911 41.489325 15.352720
0.220717 26.799675 22.470041 32.558751 18.904343 37.728939 41.347377 15.521075
0.225391 26.872362 22.602161 32.670149 19.062716 37.725255 41.304544 15.750548
0.229350 26.951108 22.723758 32.788252 19.238990 37.720792 41.349828 15.938586
0.232573 27.052206 22.809718 32.874156 19.408738 37.808779 41.397334 16.093033
0.238236 27.211027 22.975617 33.003234 19.696766 37.819004 41.500772 16.405617
0.242057 27.342610 23.100526 33.154462 19.880191 37.887372 41.584210 16.612238
0.247053 27.523088 23.268712 33.273457 20.083657 38.099496 41.612879 16.840951
0.252788 27.760086 23.463209 33.417468 20.304542 38.243656 41.872772 17.110015
0.256778 27.905068 23.599952 33.572131 20.490538 38.323389 42.057840 17.316709
0.260304 28.024605 23.708916 33.739128 20.635427 38.438573 42.267001 17.504385
0.267422 28.256221 23.956439 33.983264 20.875194 38.700597 42.701567 17.890409
0.271479 28.428438 24.053594 34.134798 21.021237 38.827999 42.956449 18.114714
0.276805 28.667283 24.263916 34.386006 21.276972 39.078859 43.273569 18.432990
0.286573 29.130674 24.570007 34.836787 21.682049 39.612983 43.525099 18.911426
0.294454 29.506286 24.875154 35.243510 22.009473 39.998860 44.250833 19.263793
0.305081 29.977636 25.306552 35.795919 22.460310 40.708373 45.250117 19.629290
0.314981 30.472107 25.701703 36.397519 22.840316 41.305981 46.115532 20.098437
0.323396 30.914965 26.069254 36.896485 23.135718 41.828034 46.909920 20.533474
0.335196 31.543097 26.554797 37.587956 23.622672 42.743450 47.633972 20.775018
0.344245 32.010897 26.905447 38.156613 23.937353 43.362505 48.269390 21.077480
0.358203 32.767643 27.533085 39.044856 24.350179 44.438757 49.418663 21.406636
0.377595 33.857475 28.391989 40.486514 24.922140 46.151086 51.091940 21.539835
0.395696 34.901373 29.191997 41.794404 25.419066 47.861484 53.070802 21.751958
0.418463 36.249624 30.173500 43.437434 25.962675 50.070949 55.728494 22.056269
0.445223 37.762805 31.336497 45.450991 26.657703 52.528513 59.028921 22.449796
0.487143 40.075230 33.112002 48.510403 27.678923 56.813609 63.366765 23.014895
0.528015 42.319887 34.796233 51.559856 28.792562 60.701321 68.028847 23.722763
0.595740 45.935402 37.420279 56.431242 30.315236 67.361693 76.056540 24.528884
0.728310 52.720972 42.201869 65.776459 33.060278 80.217621 92.182325 26.269762
0.835320 57.914605 45.783462 73.364655 35.321088 90.849744 104.879792 27.412465
1.003008 65.575986 50.998086 84.638622 38.307092 107.162430 127.717125 28.970936
1.301819 78.341070 59.359032 103.431619 43.050473 135.259228 165.915802 31.368347
2.132274 108.165261 77.061552 151.145496 53.677727 211.282388 273.258741 36.717204
