0.015998 18972.861707 4898.771828
0.023031 14977.722355 3867.231283
0.027568 19387.163758 5005.744158
0.030607 26052.371719 6726.693453
0.033212 27988.788578 7226.674136
0.037583 14733.771899 3804.243546
0.040784 18528.086999 4783.931492
0.042973 25704.852021 6636.964253
0.046420 15096.497038 3897.898774
0.049408 16353.947764 4222.571156
0.052369 15553.117931 4015.797782
0.054868 17579.981653 4539.131745
0.057313 17186.788218 4437.609636
0.060430 12770.141843 3297.236446
0.063754 11341.567937 2928.380249
0.065476 21299.323745 5499.461743
0.067689 16020.564942 4136.492081
0.069452 19585.160404 5056.866672
0.070974 22185.749656 5728.335929
0.073294 14079.228440 3635.241152
0.075121 17430.115623 4500.436502
0.076752 19085.693694 4927.904922
0.078219 20826.656699 5377.419637
0.079504 23368.379273 6033.689584
0.081608 14756.631958 3810.145988
0.083289 18087.414160 4670.150255
0.084950 17924.471004 4628.078513
0.086853 15298.647555 3950.093813
0.088414 18288.592960 4722.094397
0.089969 18041.798200 4658.372264
0.091204 22384.178331 5779.569993
0.092825 16732.802081 4320.390920
0.094624 14786.344632 3817.817767
0.096355 15072.723452 3891.760461
0.098246 13518.226502 3490.391074
0.101144 8556.179568 2209.196065
0.102206 23069.780049 5956.591595
0.103894 14263.374664 3682.787502
0.105745 12768.725121 3296.870650
0.108270 9130.036562 2357.365304
0.110610 9622.762118 2484.586495
0.112174 14174.862910 3659.933866
0.113789 13521.219667 3491.163906
0.115680 11342.979676 2928.744759
0.117860 9642.390137 2489.654428
0.120257 8581.313531 2215.685626
0.122153 10660.211708 2752.454827
0.124323 9133.391985 2358.231670
0.126629 8422.958900 2174.798636
0.128146 12638.296691 3263.194174
0.128973 22991.454421 5936.368005
0.131440 7551.611636 1949.817740
0.133126 10887.125499 2811.043716
0.134910 10141.658338 2618.564923
0.136885 9012.181029 2326.935136
0.138288 12532.555272 3235.891857
0.139774 11692.487168 3018.987205
0.141084 13116.423291 3386.645931
0.143414 7242.265917 1869.945019
0.145804 6925.369806 1788.122795
0.147509 9574.627923 2472.158299
0.149886 6744.751198 1741.487271
0.152073 7207.306053 1860.918421
0.154874 5506.216522 1421.698993
0.156454 10208.463412 2635.813919
0.157908 10975.034055 2833.741608
0.160100 7160.438714 1848.817326
0.162692 5940.796394 1533.907033
0.164960 6674.753432 1723.413926
0.166836 7956.727418 2054.418185
0.168489 8918.093298 2302.641788
0.169909 10276.813108 2653.461735
0.171533 8876.767398 2291.971487
0.174483 4790.462991 1236.892226
0.176563 6682.560334 1725.429659
0.179254 5071.118325 1309.357121
0.182637 3940.533554 1017.441389
0.184959 5643.689054 1457.194248
0.186652 7646.624990 1974.350083
0.188518 6849.561600 1768.549200
0.190986 5090.081674 1314.253437
0.193205 5578.371730 1440.329387
0.195242 6319.728771 1631.746952
0.197408 5859.596325 1512.941265
0.200032 4750.208371 1226.498527
0.202049 6091.428080 1572.799967
0.204297 5387.217613 1390.973607
0.207677 3502.549204 904.354316
0.210309 4416.975248 1140.458105
0.212151 6229.664870 1608.492553
0.213700 7329.772359 1892.539085
0.216420 4100.808818 1058.824284
0.218910 4405.616411 1137.525266
0.221352 4419.148152 1141.019147
0.223829 4509.099664 1164.244527
0.227254 3194.184987 824.735017
0.230550 3245.022445 837.861192
0.232986 4314.979164 1114.122829
0.235069 4974.126760 1284.314007
0.236986 5334.768122 1377.431206
0.239899 3445.915531 889.731564
0.243275 2911.184704 751.664659
0.247481 2387.707408 616.503402
0.250123 3728.962474 962.813971
0.252994 3364.675347 868.755439
0.257460 2105.472887 543.630762
0.261264 2406.930426 621.466764
0.264295 3096.809051 799.592659
0.268672 2083.276050 537.899563
0.272983 2058.276639 531.444743
0.275643 3272.370382 844.922399
0.279663 2207.205355 569.897972
0.283442 2288.506110 590.889737
0.287817 1918.611516 495.383363
0.293945 1374.845311 354.983533
0.298396 1829.009761 472.248290
0.304278 1336.551998 345.096242
0.308970 1683.515171 434.681748
0.313705 1615.132846 417.025508
0.317986 1805.973589 466.300376
0.322841 1536.426539 396.703627
0.326666 1971.921751 509.148007
0.332276 1296.150517 334.664624
0.338077 1248.922752 322.470468
0.347716 731.929800 188.983462
0.354792 979.303424 252.855057
0.358647 1737.248462 448.555624
0.367928 705.328160 182.114948
0.374612 958.320520 247.437294
0.381509 910.374465 235.057676
0.388492 883.250857 228.054391
0.398485 612.393630 158.119355
0.408733 569.995035 147.172085
0.418647 575.645975 148.631152
0.426533 716.200817 184.922256
0.438625 452.698173 116.886166
0.446955 654.514245 168.994851
0.456409 562.546586 145.248904
0.469235 397.097762 102.530201
0.481478 410.197964 105.912659
0.496746 318.619613 82.267230
0.513034 288.223219 74.418915
0.528175 300.301305 77.537463
0.546690 236.989324 61.190380
0.565108 230.397218 59.488306
0.584747 210.071084 54.240121
0.606603 180.822704 46.688221
0.634969 133.370712 34.436170
0.661840 134.377336 34.696079
0.693808 107.752704 27.821629
0.735156 78.599082 20.294196
0.775770 75.827011 19.578450
0.818346 68.577500 17.706634
0.876246 47.179756 12.181760
0.940321 39.653970 10.238611
1.018133 30.170042 7.789871
1.126996 19.458622 5.024195
1.267915 13.364902 3.450803
1.484822 7.414903 1.914520
1.868900 3.326291 0.858845
