0.027251 7.458585 1.122568
0.042118 11.790988 1.566313
0.052692 8.181043 1.136318
0.064549 6.373615 0.896046
0.076831 5.908952 0.843463
0.085137 9.232516 1.233312
0.093529 9.151463 1.319154
0.103033 8.175852 1.083522
0.110474 9.738285 1.300340
0.118935 8.410872 1.160517
0.132380 8.779265 1.300588
0.139866 9.624618 1.268931
0.152415 7.818751 1.047216
0.165810 9.500297 1.400235
0.180928 8.965726 1.361074
0.193577 9.943777 1.395510
0.204352 7.108398 0.940181
0.216393 8.320213 1.130235
0.232196 7.300752 0.974972
0.247269 9.022785 1.260544
0.266891 10.505668 1.423318
0.285001 10.039951 1.352010
0.310511 9.644418 1.370300
0.332566 12.554656 1.661308
0.356650 7.617834 1.076921
0.392145 11.154038 1.623058
0.425089 9.247808 1.236392
0.477704 9.103079 1.272921
0.535290 9.435521 1.274887
0.601408 11.917587 1.568781
0.848787 11.663451 1.542727
