0.015998 112.684056 68.658134 215.020778 46.266521 448.518995 1163.452648 35.342943
0.023031 111.341083 71.192730 193.769179 48.779425 365.141425 813.752404 37.082386
0.027568 107.866162 69.931630 178.949940 48.764572 319.032089 674.512298 36.097246
0.030607 104.393331 68.338901 169.501966 47.840623 293.773690 587.209952 35.412705
0.033212 100.933291 66.729134 161.764140 47.071266 273.665179 525.147718 34.953764
0.037583 95.810494 63.854702 148.708372 45.352253 243.601196 458.550497 34.013646
0.040784 91.787626 61.822789 139.942731 44.297688 225.138333 408.820577 33.311324
0.042973 89.407570 60.496611 134.811858 43.617553 214.941856 379.775610 32.860346
0.046420 85.982683 58.543879 128.320482 42.332492 201.546138 340.840917 32.226307
0.049408 83.352069 57.092402 123.784146 41.424942 190.775679 312.735372 31.763647
0.052369 80.963251 55.959754 118.731991 40.536374 181.251584 291.886299 31.236603
0.054868 79.057248 55.138037 114.893080 39.913526 173.937944 276.078633 30.597193
0.057313 77.295510 54.192367 111.788560 39.499171 167.668441 262.073027 30.041891
0.060430 75.342488 53.378905 107.837156 39.109269 159.703610 246.108895 29.427874
0.063754 73.598078 52.630701 104.057581 38.612521 153.162251 231.154528 28.879240
0.065476 72.714063 52.187496 102.136961 38.432685 149.708502 224.152750 28.701719
0.067689 71.680292 51.672090 100.079043 38.280854 145.795763 215.821945 28.650912
0.069452 70.936940 51.395325 98.697776 38.067623 142.732015 209.678539 28.671608
0.070974 70.339422 51.137243 97.586215 37.950032 140.542492 204.698761 28.683351
0.073294 69.461891 50.804787 96.043352 37.845694 137.408018 197.635961 28.475852
0.075121 68.911936 50.577297 94.972255 37.710578 134.601374 192.942304 28.359513
0.076752 68.483356 50.358196 93.997206 37.644436 132.551424 189.655578 28.347791
0.078219 68.112704 50.225168 93.160410 37.570629 130.973698 185.834668 28.347648
0.079504 67.811793 50.076062 92.404148 37.533117 129.433510 182.658823 28.355353
0.081608 67.289912 49.917936 91.524771 37.509234 127.089102 177.780359 28.383229
0.083289 66.959657 49.871538 90.788614 37.539920 125.292732 174.150092 28.418619
0.084950 66.659711 49.814852 90.150571 37.587609 123.688460 170.929806 28.464627
0.086853 66.381602 49.878043 89.396142 37.663361 122.037199 169.249555 28.530310
0.088414 66.226834 49.762986 88.951429 37.720631 120.763417 167.961864 28.594256
0.089969 66.044212 49.713543 88.405793 37.814789 119.760543 166.333419 28.666607
0.091204 65.862540 49.660221 88.057157 37.838616 118.928480 164.600832 28.730110
0.092825 65.668618 49.671462 87.635160 37.941348 117.838552 162.442319 28.821399
0.094624 65.592805 49.653464 87.366803 38.073781 116.491071 160.194235 28.932853
0.096355 65.509124 49.679515 86.932942 38.142407 115.341481 158.777542 29.057523
0.098246 65.500359 49.702347 86.611084 38.237609 114.379126 157.332956 29.234053
0.101144 65.470379 49.791772 85.974696 38.492313 113.025993 155.196670 29.508746
0.102206 65.460277 49.856733 85.837419 38.582127 112.652172 154.436740 29.610767
0.103894 65.418294 49.917185 85.625731 38.678639 111.869502 153.255608 29.774751
0.105745 65.299689 49.989572 85.368174 38.851619 111.192534 151.941811 29.925640
0.108270 65.216442 50.134110 85.076350 39.101621 110.345869 150.163343 30.071185
0.110610 65.179353 50.222167 84.841758 39.314890 109.616260 148.704574 30.312372
0.112174 65.192342 50.297952 84.743325 39.452842 109.074426 147.767674 30.480797
0.113789 65.201395 50.343487 84.684863 39.578149 108.619627 146.832621 30.660633
0.115680 65.212038 50.450662 84.582626 39.750515 108.143230 145.778852 30.878855
0.117860 65.248061 50.594199 84.378391 39.968656 107.240472 144.618312 31.140588
0.120257 65.267846 50.813138 84.220826 40.242663 106.992129 143.408655 31.440693
0.122153 65.356251 50.945262 84.149966 40.525392 106.623418 142.499669 31.678478
0.124323 65.448298 51.110482 84.128531 40.755958 106.251943 141.510078 31.793798
0.126629 65.577623 51.299562 84.120727 41.087020 106.000466 140.516618 31.928081
0.128146 65.673607 51.454431 84.125884 41.343239 105.766944 139.895202 32.022817
0.128973 65.737314 51.538822 84.107240 41.450661 105.527727 139.566636 32.076613
0.131440 65.932845 51.789088 84.190475 41.906526 105.028141 138.629336 32.245803
0.133126 66.044485 52.004859 84.226482 42.188542 104.851866 138.024768 32.474988
0.134910 66.211044 52.202106 84.309088 42.456623 104.698068 137.416238 32.759658
0.136885 66.388485 52.416668 84.321184 42.760952 104.717121 136.778801 32.795154
0.138288 66.486593 52.614008 84.440074 42.949903 104.632242 136.348276 32.808815
0.139774 66.647437 52.743352 84.476575 43.078033 104.537101 135.727407 32.910097
0.141084 66.817901 52.930869 84.628851 43.236535 104.478774 135.179990 33.027074
0.143414 67.097787 53.202720 84.704820 43.669045 104.447326 134.265015 33.243190
0.145804 67.369909 53.552694 84.843392 44.098088 104.608740 133.400469 33.475502
0.147509 67.563001 53.827142 85.025528 44.383568 104.754171 132.827242 33.681959
0.149886 67.837988 54.196041 85.236924 44.700765 104.765527 132.085886 34.002771
0.152073 68.132169 54.469801 85.378230 44.984779 104.888143 131.460363 34.307137
0.154874 68.502820 54.917757 85.674181 45.519124 104.977695 130.733815 34.709932
0.156454 68.757862 55.134512 85.884350 45.819148 105.109663 130.359537 34.943346
0.157908 68.971931 55.376221 86.140340 46.108075 105.154041 130.036877 35.162035
0.160100 69.307081 55.803238 86.431734 46.531927 105.394367 129.588035 35.499039
0.162692 69.751609 56.232794 86.819564 47.045293 105.729785 129.113414 35.908686
0.164960 70.149944 56.709625 87.290631 47.455635 105.960681 128.745919 36.276774
0.166836 70.495370 57.029576 87.631424 47.900898 106.255141 128.681823 36.588065
0.168489 70.782659 57.313107 87.908894 48.261839 106.688779 129.021476 36.867500
0.169909 71.086090 57.594997 88.168048 48.591877 106.887077 129.324403 37.111249
0.171533 71.401294 57.931859 88.533168 48.878265 107.149547 129.683596 37.394446
0.174483 71.966487 58.485313 89.147424 49.497136 107.861619 129.839375 37.920410
0.176563 72.378533 58.872963 89.578078 49.906617 108.122158 129.626174 38.300443
0.179254 72.954741 59.432052 90.087090 50.517307 108.565412 129.390202 38.802974
0.182637 73.760245 60.116651 90.646324 51.346021 109.125622 129.220357 39.501837
0.184959 74.297447 60.662051 91.129643 51.929153 109.689870 129.466556 40.037695
0.186652 74.665710 61.013315 91.603496 52.361547 109.958022 129.659051 40.434541
0.188518 75.074526 61.431155 92.055573 52.809464 110.380926 129.883648 40.877941
0.190986 75.657467 61.997064 92.742528 53.413274 111.136808 130.304319 41.474495
0.193205 76.225490 62.515910 93.355662 53.889083 111.736228 130.631077 42.020228
0.195242 76.738197 62.992587 93.836631 54.300188 112.163288 130.788827 42.528299
0.197408 77.224078 63.509586 94.466751 54.741035 112.661065 130.991045 43.070295
0.200032 77.933209 64.135702 95.230249 55.432329 113.119016 131.258707 43.729362
0.202049 78.431499 64.619991 95.779350 55.871936 113.707464 131.416062 44.237976
0.204297 78.991578 65.211197 96.381305 56.383336 114.365153 131.609261 44.806791
0.207677 79.917000 66.003529 97.258100 57.267427 115.359581 131.934345 45.667351
0.210309 80.530826 66.639419 98.017054 57.885418 116.138504 132.344356 46.341700
0.212151 81.001324 67.025586 98.546453 58.214943 116.709866 133.002635 46.816148
0.213700 81.382838 67.405244 99.043632 58.604600 117.149034 133.554411 47.216769
0.216420 82.057816 68.127160 99.944186 59.282084 117.884899 134.137674 47.924185
0.218910 82.733917 68.739368 100.711569 59.878826 118.670583 134.569012 48.576299
0.221352 83.388427 69.366090 101.466497 60.475650 119.315978 135.000335 49.220372
0.223829 84.049473 70.004422 102.223655 61.069337 120.097601 135.446067 49.878148
0.227254 84.929659 70.846328 103.251438 61.862353 121.117223 136.315123 50.795379
0.230550 85.790014 71.664589 104.248493 62.701765 122.115264 137.465209 51.687430
0.232986 86.430624 72.297530 104.921616 63.329413 122.779771 138.321936 52.352571
0.235069 86.977266 72.841941 105.638009 63.843152 123.509515 139.058980 52.925216
0.236986 87.525820 73.399984 106.249286 64.282136 124.149832 139.741393 53.455766
0.239899 88.298310 74.136114 107.231880 64.972484 125.113914 140.785643 54.268287
0.243275 89.323215 75.070104 108.377719 65.802734 126.353030 142.007053 55.219682
0.247481 90.538345 76.234637 109.755776 66.827975 127.772833 143.428363 56.420066
0.250123 91.238882 76.957927 110.648920 67.482955 128.782691 144.135674 57.182819
0.252994 92.064282 77.682032 111.639256 68.235795 129.738661 144.911644 58.019404
0.257460 93.313438 78.894769 113.220029 69.482046 131.294813 146.134026 59.337053
0.261264 94.531481 79.934540 114.621108 70.569399 132.611337 147.717313 60.475629
0.264295 95.468301 80.816336 115.701073 71.377584 133.845234 149.009618 61.393204
0.268672 96.814438 82.066294 117.358246 72.642000 135.534530 150.881506 62.735608
0.272983 98.208575 83.303723 119.070329 73.793078 137.285866 152.120743 64.077413
0.275643 99.085767 84.081342 120.131026 74.574932 138.214620 152.847737 64.915343
0.279663 100.361180 85.189737 121.691698 75.621034 139.719977 153.966948 66.196282
0.283442 101.636617 86.263893 123.227058 76.666771 141.196288 155.439971 67.416287
0.287817 103.071996 87.552527 125.068121 77.976293 142.892734 156.933739 68.848619
0.293945 105.131288 89.460542 127.409102 79.786887 145.187739 158.712564 70.769182
0.298396 106.699425 90.741471 129.201473 81.157690 146.979872 160.458691 71.947062
0.304278 108.778955 92.573106 131.675465 83.050725 149.444944 162.820367 73.535011
0.308970 110.418195 93.998639 133.645734 84.527674 151.534323 164.451600 74.826798
0.313705 112.156817 95.458053 135.834065 86.087705 153.551643 166.192184 76.153379
0.317986 113.688672 96.854769 137.596742 87.386972 155.342693 168.343004 77.372094
0.322841 115.426734 98.409630 139.800077 88.883857 157.621683 170.552566 79.074099
0.326666 116.884495 99.630557 141.557394 90.083312 159.422906 172.182550 80.499633
0.332276 119.049890 101.461728 144.078605 91.855038 161.851996 174.597377 82.624027
0.338077 121.349302 103.444768 146.763516 93.726066 164.637885 177.124418 84.863163
0.347716 124.971480 106.777254 151.417023 96.799387 169.269116 182.007020 88.679158
0.354792 127.748729 109.192354 154.747472 99.251162 172.773590 185.828131 91.556427
0.358647 129.258719 110.578235 156.587811 100.502522 174.756806 187.935108 92.734571
0.367928 132.979142 113.843228 161.086858 103.640251 179.667907 193.046180 95.437609
0.374612 135.750950 116.126821 164.335396 105.865144 183.094750 196.831533 97.420963
0.381509 138.616685 118.644284 167.869079 108.127333 186.572050 200.794266 99.499800
0.388492 141.629915 121.234604 171.299107 110.454610 190.429795 204.842419 101.637303
0.398485 145.940866 124.966017 176.492729 113.849705 195.882376 210.642307 105.388457
0.408733 150.347856 128.654344 181.765957 117.122680 202.082492 216.163768 108.766187
0.418647 154.548245 132.260754 186.927487 120.419223 207.605677 221.780713 111.801944
0.426533 157.927398 135.112543 190.815892 123.069184 212.232694 226.613280 114.565682
0.438625 163.192875 139.579502 197.203417 126.813715 218.911956 233.214509 118.046598
0.446955 166.723994 142.457971 201.607070 129.462340 223.742289 237.474135 120.705504
0.456409 170.663472 145.960115 206.460824 132.647493 229.110600 242.969686 123.503457
0.469235 176.040333 150.618328 213.083858 136.796582 236.921465 250.651725 126.672651
0.481478 181.368840 155.087873 219.577333 140.940738 243.996283 257.451030 130.264116
0.496746 187.786516 160.472732 227.478835 145.759437 252.633368 266.252723 134.556467
0.513034 194.834873 166.351646 235.884835 150.796145 262.298757 276.650320 139.339633
0.528175 201.361946 171.755333 243.814442 155.635657 271.619598 285.830709 143.844892
0.546690 209.056345 178.493063 253.335422 161.543632 282.323219 297.570265 149.125838
0.565108 216.796331 185.201947 262.862284 167.386762 292.960255 309.299048 152.980246
0.584747 225.098263 192.356813 272.830415 173.740211 304.243544 322.628876 157.095541
0.606603 234.140849 200.232596 284.253780 180.664241 316.770332 336.636183 163.060537
0.634969 246.219331 210.410176 298.821125 189.609997 333.754386 354.583268 170.942808
0.661840 257.487399 220.037968 313.152791 197.918748 350.157555 372.072545 178.701768
0.693808 271.130170 231.606340 329.907046 207.814489 370.479567 393.861746 187.837898
0.735156 289.328566 246.424575 352.440781 220.197526 396.262815 422.380398 199.960328
0.775770 306.955365 261.182986 374.077221 232.621748 421.692597 450.939671 210.748570
0.818346 325.601874 276.513496 397.131287 245.676270 448.574201 480.904902 220.142678
0.876246 350.969665 297.443933 427.974496 262.846829 485.283025 522.121544 232.746973
0.940321 379.208185 320.645698 461.604578 281.130549 526.655758 570.418364 249.011953
1.018133 413.481517 348.137243 504.247286 303.264404 578.173603 628.568159 266.644697
1.126996 461.988261 387.060937 564.950889 334.649403 651.283958 717.326267 291.128844
1.267915 524.505841 436.538710 643.508295 374.320724 752.778594 833.887742 320.236221
1.484822 621.140043 511.822033 766.550984 431.821931 908.813993 1027.856991 364.565304
1.868900 794.900963 642.925310 989.883946 526.812491 1196.066068 1411.388917 432.968619
