0.015998 116.002274 96.067677 135.804163 88.199590 143.056935 144.461801 86.834106
0.023031 319.800440 264.843819 374.391205 243.152714 394.385984 398.258984 239.388284
0.027568 543.078738 449.752499 635.783687 412.917095 669.738422 676.315473 406.524416
0.030607 748.375238 619.769492 876.124832 569.009442 922.915253 931.978585 560.200179
0.033212 967.194662 800.985540 1132.297299 735.383624 1192.768896 1204.482279 723.998598
0.037583 1436.734226 1189.836323 1681.988486 1092.386946 1771.816951 1789.216777 1075.474883
0.040784 1871.618093 1549.986873 2191.108157 1423.040626 2308.126724 2330.793288 1401.009465
0.042973 2217.071258 1836.075083 2595.531074 1685.697784 2734.148296 2760.998533 1659.600230
0.046420 2845.182725 2356.247726 3330.862798 2163.267507 3508.751229 3543.208321 2129.776338
0.049408 3476.013078 2878.672022 4069.377529 2642.904472 4286.707160 4328.804035 2601.987682
0.052369 4183.363153 3464.466386 4897.474097 3180.721400 5159.029145 5209.692510 3131.478262
0.054868 4845.121094 4012.503470 5672.195835 3683.873425 5975.125759 6033.803461 3626.840613
0.057313 5550.840103 4596.947061 6498.382910 4220.450211 6845.436273 6912.660711 4155.110250
0.060430 6534.957505 5411.947226 7650.491705 4968.700641 8059.074719 8138.217486 4891.776453
0.063754 7688.598417 6367.338861 9001.062114 5845.844270 9481.773842 9574.887984 5755.340363
0.065476 8328.334072 6897.138114 9750.002305 6332.252171 10270.712017 10371.573791 6234.217817
0.067689 9192.574454 7612.861717 10761.770762 6989.356939 11336.515093 11447.843404 6881.149453
0.069452 9914.653652 8210.854055 11607.110752 7538.372808 12227.001405 12347.074585 7421.665595
0.070974 10561.740120 8746.740909 12364.656560 8030.369726 13025.004789 13152.914625 7906.045539
0.073294 11590.312558 9598.556662 13568.808981 8812.420494 14293.466309 14433.832855 8675.988791
0.075121 12435.547010 10298.540440 14558.327146 9455.074552 15335.830792 15486.433700 9308.693438
0.076752 13216.376563 10945.187084 15472.446330 10048.759867 16298.769527 16458.828811 9893.187464
0.078219 13938.604889 11543.302922 16317.960905 10597.889121 17189.439747 17358.245706 10433.815237
0.079504 14587.349854 12080.563266 17077.448319 11091.147039 17989.488431 18166.151131 10919.436657
0.081608 15681.237741 12986.470230 18358.065706 11922.858865 19338.498613 19528.409038 11738.272128
0.083289 16582.474353 13732.832387 19413.145745 12608.092844 20449.926375 20650.751386 12412.897485
0.084950 17496.826840 14490.056501 20483.580574 13303.299169 21577.528966 21789.427406 13097.340798
0.086853 18572.086235 15380.536217 21742.389538 14120.847262 22903.566022 23128.486582 13902.231815
0.088414 19476.789413 16129.769223 22801.527896 14808.716962 24019.268841 24255.145970 14579.452088
0.089969 20396.628964 16891.537467 23878.386444 15508.095246 25153.638217 25400.655227 15268.002771
0.091204 21140.859749 17507.874716 24749.659354 16073.953551 26071.442426 26327.472576 15825.100598
0.092825 22135.947103 18331.959684 25914.610701 16830.544726 27298.609295 27566.690627 16569.978416
0.094624 23262.538579 19264.950236 27233.514265 17687.121954 28687.950369 28969.675489 17413.294329
0.096355 24369.024350 20181.290181 28528.880028 18528.412285 30052.496581 30347.621993 18241.560012
0.098246 25601.679437 21202.117673 29971.952536 19465.632476 31572.637981 31882.691682 19164.270394
0.101144 27538.044902 22805.725301 32238.860610 20937.902238 33960.612800 34294.117200 20613.746841
0.102206 28261.597128 23404.937532 33085.925078 21488.038089 34852.915688 35195.182797 21155.365626
0.103894 29426.425712 24369.594274 34449.592923 22373.688000 36289.411730 36645.785703 22027.304124
0.105745 30723.344160 25443.641687 35967.898715 23359.769321 37888.804331 38260.884866 22998.119179
0.108270 32524.518817 26935.290589 38076.538559 24729.249943 40110.058430 40503.952412 24346.397844
0.110610 34226.104833 28344.464821 40068.589723 26023.010695 42208.497300 42622.998643 25620.128912
0.112174 35379.832764 29299.928520 41419.262004 26900.220486 43631.303737 44059.777507 26483.757960
0.113789 36583.788189 30296.988290 42828.735744 27815.619566 45116.051988 45559.106475 27384.985059
0.115680 38009.590738 31477.771507 44497.926487 28899.694870 46874.387718 47334.709641 28452.276978
0.117860 39673.869105 32856.049282 46446.301488 30165.089631 48926.817853 49407.295315 29698.081212
0.120257 41527.038692 34390.757962 48615.811932 31574.103371 51212.193413 51715.114016 31085.280952
0.122153 43009.652753 35618.589826 50351.512060 32701.373966 53040.590536 53561.466601 32195.099424
0.124323 44723.434999 37037.864407 52357.841381 34004.407832 55154.070105 55695.701235 33477.960044
0.126629 46562.653261 38561.019250 54511.018972 35402.814012 57422.240539 57986.145850 34854.716447
0.128146 47781.468083 39570.384879 55937.888647 36329.511085 58925.313775 59503.979760 35767.066626
0.128973 48449.341700 40123.486680 56719.770022 36837.313020 59748.952395 60335.706782 36267.006898
0.131440 50453.334106 41783.099790 59065.849131 38361.001330 62220.326467 62831.350561 37767.105844
0.133126 51832.434258 42925.206259 60680.365257 39409.567568 63921.067621 64548.793554 38799.438440
0.134910 53298.862261 44139.633584 62397.116324 40524.531476 65729.503687 66374.989057 39897.140754
0.136885 54930.508261 45490.886753 64307.288530 41765.114987 67741.690763 68406.936473 41118.517860
0.138288 56095.101798 46455.348842 65670.681205 42650.586186 69177.896940 69857.246667 41990.280414
0.139774 57332.277790 47479.920337 67119.046349 43591.243741 70703.613634 71397.946402 42916.374942
0.141084 58426.406250 48386.026532 68399.945375 44423.138481 72052.920497 72760.503903 43735.390495
0.143414 60378.510601 50002.668372 70685.279003 45907.374933 74460.304907 75191.529621 45196.648367
0.145804 62388.591202 51667.323440 73038.485577 47435.692258 76939.187095 77694.755247 46701.304663
0.147509 63826.616801 52858.229219 74721.985877 48529.061069 78712.596600 79485.580218 47777.746210
0.149886 65835.386023 54521.798265 77073.657217 50056.381318 81189.861562 81987.172738 49281.420867
0.152073 67687.015286 56055.231320 79241.364399 51464.223909 83473.337555 84293.073217 50667.467588
0.154874 70063.090154 58022.985782 82023.041411 53270.816333 86403.573121 87252.084661 52446.090798
0.156454 71403.962656 59133.433893 83592.804328 54290.317080 88057.170971 88921.921387 53449.807888
0.157908 72637.708738 60155.164896 85037.154067 55228.366784 89578.657814 90458.349731 54373.334939
0.160100 74498.471240 61696.161674 87215.553555 56643.153618 91873.397149 92775.624162 55766.218395
0.162692 76698.188868 63517.865289 89790.768689 58315.656978 94586.144509 95515.011595 57412.828474
0.164960 78620.354045 65109.712902 92041.052449 59777.129887 96956.607176 97908.752985 58851.675222
0.166836 80208.141070 66424.644112 93899.878838 60984.366261 98914.706254 99886.081242 60040.221464
0.168489 81605.417374 67581.803223 95535.673832 62046.752308 100637.862698 101626.159649 61086.159913
0.169909 82803.501130 68574.000350 96938.273593 62957.687003 102115.369859 103118.176417 61982.991745
0.171533 84172.136631 69707.440483 98540.538725 63998.296692 103803.205741 104822.587403 63007.490972
0.174483 86650.622532 71760.006989 101442.108599 65882.754927 106859.737180 107909.134987 64862.774493
0.176563 88392.791713 73202.790306 103481.670579 67207.372129 109008.224235 110078.720893 66166.884301
0.179254 90637.480137 75061.736639 106109.533141 68914.067973 111776.430719 112874.112075 67847.157505
0.182637 93444.181267 77386.115701 109395.345436 71048.076908 115237.725471 116369.397882 69948.128244
0.184959 95360.211577 78972.882702 111638.447091 72504.885315 117600.622464 118755.499301 71382.382705
0.186652 96751.095318 80124.747790 113266.758294 73562.410926 119315.895437 120487.616820 72423.535968
0.188518 98277.768436 81389.067311 115054.038474 74723.180785 121198.627302 122388.837732 73566.335077
0.190986 100287.662712 83053.568075 117407.026918 76251.356443 123677.279710 124891.831322 75070.851898
0.193205 102083.578675 84540.861971 119509.510395 77616.838741 125892.048654 127128.350027 76415.194140
0.195242 103723.784609 85899.204080 121429.703737 78863.930596 127914.792056 129170.957435 77642.978828
0.197408 105457.165070 87334.708988 123458.976739 80181.865502 130052.440639 131329.598431 78940.509794
0.200032 107543.455226 89062.477259 125901.402038 81768.126964 132625.306376 133927.730557 80502.213150
0.202049 109136.421732 90381.697874 127766.292059 82979.301435 134589.792922 135911.509008 81694.636519
0.204297 110899.484430 91841.784229 129830.314134 84319.804529 136764.046390 138107.114361 83014.386278
0.207677 113528.212395 94018.774209 132907.772782 86318.495770 140005.860138 141380.763787 84982.134277
0.210309 115554.457869 95696.816273 135279.903616 87859.103675 142504.677256 143904.120113 86498.890874
0.212151 116961.850797 96862.353500 136927.542168 88929.181658 144240.309777 145656.797116 87552.402175
0.213700 118138.352978 97836.677772 138304.876322 89823.707312 145691.201993 147121.937572 88433.079005
0.216420 120188.906527 99534.850650 140705.464682 91382.797287 148219.996443 149675.565616 89968.031537
0.218910 122048.417750 101074.811177 142882.399296 92796.632741 150513.192670 151991.281784 91359.978342
0.221352 123855.847819 102571.640520 144998.362367 94170.869518 152742.161101 154242.139420 92712.939528
0.223829 125671.730374 104075.469818 147124.220785 95551.532944 154981.553351 156503.523239 94072.227865
0.227254 128153.279961 106130.573526 150029.377324 97438.320580 158041.863005 159593.886141 95929.804724
0.230550 130510.431452 108082.656529 152788.900690 99230.525061 160948.761783 162529.331623 97694.262741
0.232986 132232.165891 109508.516746 154804.539665 100539.605190 163072.048199 164673.469410 98983.076017
0.235069 133690.183686 110715.979129 156511.444880 101648.174595 164870.112584 166489.191380 100074.482826
0.236986 135021.153198 111818.226045 158069.614341 102660.145838 166511.497817 168146.695557 101070.786982
0.239899 137022.878821 113475.961910 160413.039721 104182.110653 168980.076435 170639.516429 102569.189116
0.243275 139311.305922 115371.130576 163092.107264 105922.062166 171802.222559 173489.376957 104282.203132
0.247481 142115.226217 117693.206680 166374.664028 108053.956759 175260.087916 176981.199691 106381.092263
0.250123 143849.715197 119129.629613 168405.234777 109372.734502 177399.103553 179141.221166 107679.453017
0.252994 145710.974496 120671.037815 170584.215867 110787.899064 179694.455551 181459.114276 109072.708353
0.257460 148557.654135 123028.525214 173916.831105 112952.304714 183205.052810 185004.186757 111203.605212
0.261264 150936.532560 124998.601452 176701.790250 114761.028757 186138.745794 187966.689571 112984.327039
0.264295 152800.937819 126542.614992 178884.454323 116178.585275 188437.977468 190288.500458 114379.937300
0.268672 155446.765629 128733.766268 181981.931805 118190.277979 191700.879178 193583.444937 116360.485478
0.272983 157998.053071 130846.623618 184968.730632 120130.089147 194847.191317 196760.654897 118270.264971
0.275643 159545.751771 132128.355546 186780.625515 121306.845310 196755.852461 198688.059722 119428.802888
0.279663 161846.633357 134033.838437 189474.273557 123056.266298 199593.357771 201553.430268 121151.139775
0.283442 163967.615497 135790.336991 191957.312851 124668.904990 202209.006539 204194.765569 122738.811996
0.287817 166373.862104 137783.078281 194774.311996 126498.437783 205176.450655 207191.350963 124540.020417
0.293945 169656.040950 140501.225826 198616.767286 128993.964973 209224.116541 211278.766261 126996.912475
0.298396 171976.844172 142423.206888 201333.737639 130758.532906 212086.189717 214168.945938 128734.161807
0.304278 174963.777124 144896.845544 204830.547795 133029.576851 215769.750906 217888.680911 130970.046014
0.308970 177281.835440 146816.553402 207544.304680 134792.057760 218628.438994 220775.442257 132705.240631
0.313705 179565.233218 148707.557017 210217.484382 136528.185347 221444.382830 223619.039589 134414.489922
0.317986 181581.628143 150377.441315 212578.083152 138061.303619 223931.052002 226130.128671 135923.872839
0.322841 183814.977717 152226.997340 215192.671292 139759.378236 226685.275128 228911.399175 137595.658286
0.326666 185534.658635 153651.156926 217205.906204 141066.897018 228806.029089 231052.979638 138882.934388
0.332276 187995.505419 155689.115538 220086.825919 142937.943767 231840.807523 234117.560596 140725.014056
0.338077 190465.484450 157734.637051 222978.436779 144815.934005 234886.848075 237193.514270 142573.929716
0.347716 194407.031053 160998.842241 227592.815612 147812.795900 239747.662941 242102.063938 145524.394940
0.354792 197175.903869 163291.893656 230834.342201 149918.042969 243162.306860 245550.240785 147597.049098
0.358647 198641.504057 164505.635424 232550.124143 151032.377468 244969.722045 247375.405382 148694.131747
0.367928 202051.719850 167329.817201 236542.472620 153625.254527 249175.286330 251622.269693 151246.866528
0.374612 204406.750019 169280.143425 239299.512549 155415.846112 252079.569041 254555.073417 153009.736619
0.381509 206752.503416 171222.787058 242045.692136 157199.384321 254972.411402 257476.324442 154765.662533
0.388492 209043.242538 173119.870432 244727.466369 158941.093726 257797.408769 260329.064214 156480.407226
0.398485 212180.666821 175718.138995 248400.457118 161326.560202 261666.559672 264236.211452 158828.942503
0.408733 215234.806858 178247.435427 251975.946781 163648.703467 265433.002336 268039.641824 161115.134923
0.418647 218040.862057 180571.279559 255261.002884 165782.221284 268893.500511 271534.123231 163215.622148
0.426533 220174.091334 182337.920621 257758.379932 167404.171796 271524.252757 274190.710330 164812.462026
0.438625 223284.880112 184914.130900 261400.188425 169769.386594 275360.556081 278064.687415 167141.059156
0.446955 225320.823051 186600.203952 263783.672106 171317.367738 277871.332358 280600.120342 168665.074840
0.456409 227532.077475 188431.461804 266372.393396 172998.642828 280598.307186 283353.874962 170320.320848
0.469235 230372.231247 190783.544785 269697.368786 175158.086690 284100.856583 286890.820547 172446.332737
0.481478 232923.387335 192896.293353 272684.013837 177097.797986 287247.006733 290067.866927 174356.013905
0.496746 235901.802654 195362.878103 276170.852377 179362.365750 290920.063762 293776.994586 176585.522193
0.513034 238851.312888 197805.525009 279623.851660 181604.956215 294557.474310 297450.125704 178793.393431
0.528175 241400.056863 199916.275978 282607.672845 183542.833519 297700.649782 300624.168194 180701.268999
0.546690 244286.613348 202306.787522 285986.972010 185737.558587 301260.424176 304218.900744 182862.015879
0.565108 246930.134152 204496.028243 289081.748673 187747.497213 304520.480827 307510.972225 184840.837136
0.584747 249523.356150 206643.613838 292117.640394 189719.192331 307718.507720 310740.404795 186782.006960
0.606603 252163.608899 208830.148108 295208.591137 191726.646169 310974.534124 314028.406450 188758.381897
0.634969 255249.425753 211385.677804 298821.164934 194072.874155 314780.041441 317871.285102 191068.286164
0.661840 257862.032967 213549.317331 301879.750978 196059.308364 318001.974672 321124.858779 193023.966893
0.693808 260630.837299 215842.312031 305121.197392 198164.503363 321416.534135 324572.950340 195096.569786
0.735156 263747.975880 218423.780921 308770.439616 200534.546084 325260.668197 328454.835065 197429.920095
0.775770 266384.513553 220607.238539 311857.041110 202539.175253 328512.113076 331738.210203 199403.514093
0.818346 268774.850578 222586.804254 314655.414866 204356.611571 331459.937093 334714.982822 201192.813314
0.876246 271526.459155 224865.558232 317876.730166 206448.732184 334853.290318 338141.659893 203252.544236
0.940321 274038.742304 226946.114044 320817.866566 208358.887358 337951.501377 341270.296405 205133.126863
1.018133 276511.962610 228994.319829 323713.271994 210239.342022 341001.539151 344350.286554 206984.468795
1.126996 279191.270910 231213.198087 326849.945173 212276.490827 344305.729847 347686.925491 208990.078969
1.267915 281726.881627 233313.072704 329818.391217 214204.382568 347432.709053 350844.612663 210888.123568
1.484822 284350.684602 235485.984038 332890.084167 216199.329208 350668.449179 354112.128822 212852.184941
1.868900 286996.121203 237676.811333 335987.103659 218210.724466 353930.868440 357406.586114 214832.440278
