0.015998 0.953866 0.942980 0.963464 0.934843 0.971613 0.978681 0.929565
0.023031 2.629118 2.607021 2.648788 2.589768 2.665798 2.682287 2.577848
0.027568 4.464331 4.435151 4.491253 4.411408 4.513858 4.537194 4.393160
0.030607 6.151417 6.117800 6.183570 6.089844 6.210046 6.237392 6.067916
0.033212 7.949359 7.911764 7.986365 7.880082 8.016226 8.047563 7.854390
0.037583 11.807154 11.762734 11.854268 11.723079 11.889309 11.925268 11.692034
0.040784 15.380980 15.329846 15.436005 15.284871 15.475175 15.513119 15.250850
0.042973 18.219578 18.163130 18.281024 18.114788 18.322932 18.363262 18.077440
0.046420 23.380645 23.315392 23.452984 23.261606 23.500994 23.545613 23.216509
0.049408 28.564475 28.489281 28.647512 28.431949 28.700639 28.748892 28.379509
0.052369 34.376242 34.291260 34.471748 34.228121 34.531843 34.582155 34.172258
0.054868 39.815654 39.719243 39.921232 39.651630 39.986741 40.038643 39.592518
0.057313 45.614832 45.507997 45.732346 45.435989 45.802556 45.857833 45.371105
0.060430 53.700693 53.582354 53.835163 53.500339 53.913259 53.970886 53.429895
0.063754 63.179261 63.045851 63.333641 62.956238 63.421173 63.485929 62.876787
0.065476 68.435810 68.294751 68.600277 68.200273 68.693537 68.760850 68.117228
0.067689 75.537532 75.384772 75.715129 75.284827 75.815471 75.884152 75.195595
0.069452 81.470746 81.309410 81.659039 81.203670 81.765580 81.834518 81.108200
0.070974 86.788395 86.619335 86.986594 86.509444 87.097762 87.167944 86.406999
0.073294 95.240116 95.058352 95.454457 94.939100 95.573188 95.647112 94.831706
0.075121 102.185549 101.993572 102.412371 101.868109 102.537410 102.615508 101.757186
0.076752 108.602192 108.400065 108.839870 108.269530 108.971228 109.052886 108.155165
0.078219 114.537048 114.326668 114.784352 114.190051 114.922945 115.005900 114.073035
0.079504 119.868024 119.650137 120.124506 119.508451 120.268734 120.352135 119.387818
0.081608 128.856914 128.626263 129.128669 128.474459 129.280614 129.367648 128.349661
0.083289 136.262575 136.020855 136.546546 135.863696 136.705648 136.795669 135.733423
0.084950 143.776006 143.524929 144.071575 143.360691 144.239803 144.331907 143.224858
0.086853 152.612457 152.348428 152.920702 152.176511 153.099449 153.195383 152.034897
0.088414 160.046008 159.771837 160.366786 159.593305 160.553469 160.652724 159.447719
0.089969 167.605301 167.320439 167.937625 167.136580 168.131504 168.234630 166.984761
0.091204 173.720971 173.428650 174.062686 173.238440 174.263461 174.368911 173.083032
0.092825 181.898047 181.595688 182.252578 181.395760 182.461484 182.570664 181.238180
0.094624 191.155722 190.841478 191.524896 190.632029 191.742278 191.856599 190.472451
0.096355 200.248329 199.921834 200.631850 199.702467 200.857075 200.976693 199.542208
0.098246 210.378335 210.038531 210.776207 209.807177 211.010744 211.136389 209.646485
0.101144 226.290586 225.931946 226.711923 225.685469 226.962865 227.093144 225.519860
0.102206 232.235908 231.871253 232.666716 231.620053 232.922534 233.055395 231.451018
0.103894 241.807591 241.430825 242.251931 241.172887 242.516579 242.654087 240.997452
0.105745 252.465442 252.076781 252.925114 251.809063 253.198645 253.341327 251.626797
0.108270 267.267119 266.860667 267.746065 266.581336 268.033745 268.183352 266.389562
0.110610 281.249180 280.827129 281.748541 280.537897 282.049409 282.204191 280.336714
0.112174 290.729492 290.297406 291.242223 290.000441 291.550463 291.710452 289.793657
0.113789 300.622734 300.181684 301.148480 299.874954 301.464675 301.630311 299.662597
0.115680 312.339651 311.886440 312.882020 311.569754 313.205757 313.375589 311.350413
0.117860 326.015836 325.548752 326.576063 325.221710 326.912299 327.084852 324.993606
0.120257 341.245091 340.761327 341.823417 340.420851 342.171697 342.349580 340.185891
0.122153 353.428555 352.931733 354.021782 352.581191 354.381684 354.561633 352.340826
0.124323 367.511544 367.001135 368.123087 366.637699 368.495059 368.677373 366.391457
0.126629 382.624843 382.100040 383.255666 381.723546 383.639013 383.826734 381.471081
0.128146 392.640957 392.107091 393.282816 391.720935 393.676042 393.865678 391.465139
0.128973 398.128745 397.590976 398.777991 397.199296 399.174943 399.366610 396.942093
0.131440 414.598309 414.044135 415.265709 413.639179 415.674349 415.873163 413.376443
0.133126 425.930490 425.364893 426.611784 424.953218 427.028545 427.232422 424.686554
0.134910 437.981745 437.404794 438.675445 436.983948 439.103046 439.310001 436.713181
0.136885 451.389901 450.801026 452.098765 450.370457 452.538347 452.747366 450.095214
0.138288 460.959800 460.364168 461.679282 459.925852 462.127512 462.338782 459.646946
0.139774 471.126255 470.521663 471.856282 470.076153 472.314120 472.527740 469.794215
0.141084 480.117689 479.505656 480.858214 479.052307 481.321069 481.538406 478.768409
0.143414 496.158892 495.534684 496.918547 495.066588 497.391588 497.614446 494.778924
0.145804 512.679284 512.040545 513.456134 511.559233 513.940396 514.167318 511.263335
0.147509 524.497092 523.848881 525.284427 523.358545 525.778801 526.008980 523.056773
0.149886 541.003259 540.343318 541.808896 539.843471 542.315378 542.550000 539.531475
0.152073 556.221164 555.548005 557.040343 555.039572 557.557921 557.796532 554.717943
0.154874 575.745184 575.060396 576.586108 574.537704 577.114095 577.360666 574.206486
0.156454 586.764131 586.071030 587.614675 585.541924 588.150033 588.400782 585.204674
0.157908 596.904274 596.202020 597.763143 595.667573 598.305497 598.558638 595.324412
0.160100 612.195759 611.482939 613.068210 610.939473 613.622668 613.878697 610.587635
0.162692 630.274883 629.548154 631.157755 628.990773 631.728878 631.989263 628.631833
0.164960 646.073991 645.333853 646.965527 644.767737 647.548643 647.814190 644.399839
0.166836 659.120763 658.372229 660.024113 657.801746 660.616854 660.885870 657.426189
0.168489 670.605134 669.847748 671.516165 669.270850 672.116489 672.388877 668.890147
0.169909 680.452308 679.688421 681.370163 679.103650 681.975647 682.251844 678.720050
0.171533 691.699434 690.928769 692.624109 690.336649 693.238100 693.518621 689.949525
0.174483 712.070527 711.284722 713.007486 710.679291 713.632950 713.921226 710.285845
0.176563 726.387075 725.593573 727.332689 724.978627 727.968430 728.262100 724.581096
0.179254 744.836347 744.028826 745.796084 743.406670 746.442576 746.738969 743.000351
0.182637 767.902016 767.081739 768.875220 766.446598 769.540231 769.841107 766.032286
0.184959 783.646608 782.818494 784.635727 782.177253 785.307642 785.611527 781.755942
0.186652 795.072788 794.240007 796.073107 793.596200 796.753030 797.059304 793.170360
0.188518 807.620145 806.779360 808.626889 806.129070 809.314556 809.624440 805.699443
0.190986 824.137619 823.284365 825.155977 822.628905 825.853900 826.166256 822.194691
0.193205 838.895052 838.033309 839.922086 837.369772 840.632121 840.946584 836.934265
0.195242 852.376434 851.504838 853.409606 850.834808 854.126481 854.445092 850.396254
0.197408 866.622821 865.746167 867.664171 865.066445 868.384840 868.710061 864.623353
0.200032 883.764628 882.882158 884.821400 882.193262 885.550670 885.878859 881.747551
0.202049 896.856151 895.967880 897.920940 895.272541 898.656836 898.987588 894.822943
0.204297 911.345214 910.450047 912.418213 909.749579 913.160986 913.495719 909.294898
0.207677 932.946231 932.042870 934.032392 931.333598 934.784630 935.126692 930.873328
0.210309 949.601900 948.688093 950.692974 947.970173 951.452556 951.799489 947.506758
0.212151 961.168281 960.247919 962.266621 959.527406 963.030268 963.379835 959.060336
0.213700 970.838195 969.912807 971.941207 969.186708 972.707459 973.060187 968.718675
0.216420 987.691822 986.755560 988.801717 986.022439 989.577878 989.931932 985.552834
0.218910 1002.972713 1002.033870 1004.088820 1001.289980 1004.872540 1005.231116 1000.819067
0.221352 1017.827424 1016.879556 1018.949085 1016.133314 1019.739447 1020.101239 1015.657832
0.223829 1032.750404 1031.797298 1033.879599 1031.046900 1034.676901 1035.040555 1030.565086
0.227254 1053.143820 1052.182297 1054.279270 1051.428071 1055.087761 1055.455769 1050.937681
0.230550 1072.515525 1071.550022 1073.656685 1070.786751 1074.475026 1074.847288 1070.289686
0.232986 1086.662417 1085.693696 1087.811690 1084.926458 1088.634632 1089.012023 1084.425384
0.235069 1098.642863 1097.670330 1099.799403 1096.902613 1100.628026 1101.006920 1096.396200
0.236986 1109.582111 1108.604944 1110.745604 1107.834419 1111.576346 1111.956296 1107.324122
0.239899 1126.037028 1125.048361 1127.200786 1124.271229 1128.040892 1128.422589 1123.759672
0.243275 1144.847146 1143.844790 1146.013928 1143.063440 1146.861883 1147.246775 1142.549805
0.247481 1167.890533 1166.880467 1169.062786 1166.094392 1169.919857 1170.310555 1165.573438
0.250123 1182.143961 1181.131632 1183.319636 1180.341623 1184.181022 1184.577260 1179.816173
0.252994 1197.437316 1196.422644 1198.619370 1195.629753 1199.484919 1199.886337 1195.100260
0.257460 1220.833708 1219.813899 1222.025789 1219.006859 1222.895755 1223.299909 1218.480071
0.261264 1240.384503 1239.355560 1241.585600 1238.548854 1242.458270 1242.865875 1238.018650
0.264295 1255.709147 1254.674181 1256.914687 1253.865153 1257.788213 1258.200366 1253.332129
0.268672 1277.459161 1276.414147 1278.667029 1275.600040 1279.545237 1279.961341 1275.064580
0.272983 1298.429141 1297.379398 1299.637864 1296.555967 1300.524611 1300.944075 1296.021241
0.275643 1311.149144 1310.095193 1312.359920 1309.269935 1313.250558 1313.672600 1308.734630
0.279663 1330.059794 1328.998359 1331.269723 1328.172544 1332.171639 1332.592245 1327.635447
0.283442 1347.490010 1346.425324 1348.704522 1345.594391 1349.611268 1350.031556 1345.057996
0.287817 1367.261956 1366.193205 1368.486546 1365.365800 1369.397609 1369.816917 1364.822404
0.293945 1394.236040 1393.163824 1395.476527 1392.327932 1396.384440 1396.805399 1391.782524
0.298396 1413.313658 1412.231110 1414.556713 1411.396225 1415.468788 1415.888096 1410.846500
0.304278 1437.862299 1436.772876 1439.108514 1435.938335 1440.024609 1440.447226 1435.383151
0.308970 1456.913626 1455.817983 1458.163906 1454.983107 1459.080418 1459.506133 1454.425862
0.313705 1475.678134 1474.579379 1476.939476 1473.741272 1477.852358 1478.279547 1473.184382
0.317986 1492.247630 1491.145012 1493.521627 1490.304667 1494.427663 1494.857318 1489.749873
0.322841 1510.604432 1509.494992 1511.880102 1508.652491 1512.787281 1513.218316 1508.098220
0.326666 1524.737072 1523.626375 1526.021341 1522.782322 1526.927480 1527.355969 1522.226810
0.332276 1544.962053 1543.843417 1546.257125 1542.996852 1547.160062 1547.586314 1542.445210
0.338077 1565.267271 1564.132422 1566.564819 1563.292773 1567.471017 1567.891147 1562.739259
0.347716 1597.664781 1596.519592 1598.972493 1595.678239 1599.874080 1600.292008 1595.125401
0.354792 1620.426037 1619.270876 1621.733258 1618.427333 1622.636743 1623.053261 1617.877076
0.358647 1632.471867 1631.313528 1633.783796 1630.468645 1634.686010 1635.101216 1629.920142
0.367928 1660.496670 1659.331003 1661.813688 1658.492854 1662.722555 1663.132434 1657.942850
0.374612 1679.852510 1678.677995 1681.175946 1677.839853 1682.077291 1682.488176 1677.294444
0.381509 1699.133209 1697.949150 1700.462567 1697.112178 1701.354438 1701.769789 1696.570319
0.388492 1717.959147 1716.773740 1719.292682 1715.938708 1720.186516 1720.598720 1715.394613
0.398485 1743.743146 1742.548932 1745.082589 1741.717003 1745.974717 1746.386294 1741.177376
0.408733 1768.846385 1767.637567 1770.194054 1766.810020 1771.076034 1771.487390 1766.276590
0.418647 1791.906482 1790.692798 1793.269522 1789.863152 1794.140140 1794.550339 1789.339642
0.426533 1809.436780 1808.217441 1810.802062 1807.399374 1811.676195 1812.082892 1806.873727
0.438625 1834.999780 1833.776696 1836.372755 1832.962717 1837.239741 1837.648664 1832.443668
0.446955 1851.724877 1850.503244 1853.110433 1849.688379 1853.977965 1854.380326 1849.176955
0.456409 1869.898602 1868.668892 1871.291103 1867.861477 1872.147858 1872.551110 1867.350958
0.469235 1893.243139 1892.002143 1894.642218 1891.211641 1895.492515 1895.888305 1890.695619
0.481478 1914.216295 1912.951234 1915.610901 1912.176736 1916.459537 1916.850211 1911.669016
0.496746 1938.694046 1937.421865 1940.100578 1936.649760 1940.938456 1941.323799 1936.155773
0.513034 1962.933363 1961.651289 1964.357593 1960.886958 1965.174633 1965.560768 1960.405738
0.528175 1983.880239 1982.589501 1985.314576 1981.836191 1986.116536 1986.503948 1981.361404
0.546690 2007.602314 2006.292996 2009.050930 2005.557061 2009.837647 2010.222308 2005.095306
0.565108 2029.328773 2027.996882 2030.787828 2027.276837 2031.563215 2031.943084 2026.831617
0.584747 2050.637321 2049.288680 2052.116461 2048.587953 2052.876443 2053.250021 2048.153699
0.606603 2072.334777 2070.965143 2073.830240 2070.287700 2074.576838 2074.942819 2069.862466
0.634969 2097.698969 2096.310860 2099.207152 2095.643087 2099.942182 2100.295737 2095.235579
0.661840 2119.173535 2117.770462 2120.692333 2117.105467 2121.420042 2121.760186 2116.718412
0.693808 2141.939609 2140.510387 2143.471993 2139.853614 2144.170433 2144.507308 2139.486296
0.735156 2167.557402 2166.117646 2169.100767 2165.463530 2169.788120 2170.115436 2165.119370
0.775770 2189.223095 2187.773702 2190.783517 2187.132453 2191.461706 2191.775712 2186.802950
0.818346 2208.859551 2207.404454 2210.435757 2206.766229 2211.115051 2211.411310 2206.463638
0.876246 2231.475673 2230.012099 2233.077623 2229.378761 2233.733908 2234.014382 2229.095699
0.940321 2252.137202 2250.653457 2253.738678 2250.017653 2254.382968 2254.650327 2249.749373
1.018133 2272.453772 2270.972637 2274.077076 2270.340652 2274.715893 2274.964367 2270.079175
1.126996 2294.473911 2292.964086 2296.118564 2292.346308 2296.751205 2296.979438 2292.114698
1.267915 2315.314888 2313.792175 2316.978484 2313.168115 2317.587814 2317.812820 2312.961760
1.484822 2336.870350 2335.333359 2338.565491 2334.707100 2339.170988 2339.363395 2334.534560
1.868900 2358.611540 2357.063465 2360.317255 2356.427709 2360.932254 2361.104181 2356.268123
