0.032618 7.063870 1.417243
0.052946 3.686691 1.453057
0.071221 6.434989 2.897372
0.084284 7.463063 1.326804
0.089688 6.250206 1.751253
0.100260 8.232992 1.839656
0.107895 8.867401 1.610160
0.113529 5.655748 2.954796
0.119998 5.385973 2.668541
0.134891 6.339322 1.400386
0.140921 8.347388 1.501741
0.146868 6.145134 2.009823
0.157562 7.664727 1.760243
0.162102 4.301496 1.471668
0.168730 7.789449 1.389084
0.174182 7.080342 1.464872
0.179444 5.446175 1.196954
0.187367 6.066573 1.455152
0.192968 7.614779 1.685249
0.198956 5.436349 1.249535
0.204601 7.236069 1.314839
0.212461 10.212374 2.029256
0.218339 6.087114 1.923825
0.224577 8.406321 1.613084
0.229059 8.441702 1.974056
0.234841 8.261298 1.587236
0.240891 9.216764 2.077768
0.247590 6.694942 1.315063
0.252712 9.763198 1.795168
0.261695 7.793983 1.406439
0.268905 7.301392 2.126173
0.274502 6.455316 2.041572
0.287989 6.843848 1.281620
0.299553 5.004905 1.198092
0.314800 5.741286 2.208612
0.328289 6.529673 1.942847
0.343083 8.339032 1.794084
0.359301 2.936296 1.407697
0.378076 2.889479 1.490567
0.403983 5.865799 1.695214
0.424810 6.594446 1.373998
0.460761 8.243495 1.611854
0.510928 6.454438 1.401322
0.574519 7.659368 2.139668
0.712008 9.577204 1.556993
0.829734 9.189260 1.558082
1.223292 8.376477 1.900657
