0.020463 1103.474743 532.183661 2912.381139 306.172481 8577.073865 31438.006772 195.688521
0.027436 722.964868 369.843723 1700.565295 219.332473 4403.426161 13658.277119 139.452405
0.034786 492.518396 262.661717 1055.184485 159.020371 2492.776961 6658.339731 102.867808
0.043550 335.267265 186.575492 660.357370 114.604441 1428.389039 3303.068108 75.020118
0.048426 278.675536 157.966994 531.605217 97.964919 1081.320569 2401.998956 64.441116
0.053481 234.130901 135.214913 433.387550 84.780920 849.282833 1822.665184 55.974985
0.057722 206.513513 119.822169 370.882333 75.688151 710.411991 1477.450593 50.334797
0.061771 184.544478 108.191907 323.451444 68.683994 604.633470 1208.883207 45.903561
0.066349 163.937647 96.966636 279.792407 62.536159 514.421781 967.520974 41.745682
0.069273 152.008484 90.671695 256.196049 58.764273 464.962963 847.458985 39.477787
0.071836 142.969320 85.975835 237.991121 55.983933 427.088081 758.907542 37.833969
0.076436 128.555370 78.427277 211.149322 51.605763 369.883052 630.321791 35.300320
0.079623 119.861572 73.706327 195.492249 48.863849 337.075347 559.063849 33.800750
0.083015 111.732086 69.497855 180.844437 46.484071 307.249464 503.994961 31.757709
0.086593 104.616943 65.664951 166.952809 44.149642 279.163906 448.565548 30.337008
0.088342 101.450370 63.951261 161.167838 43.137069 267.509432 424.466282 29.709187
0.091129 96.869705 61.358578 152.222404 41.628744 249.818700 392.754303 28.790330
0.094217 92.224965 58.715064 143.388080 40.222787 232.714182 362.763053 27.877870
0.096756 88.940805 56.788740 136.825019 39.217744 220.394860 340.826479 27.180552
0.100717 83.697521 54.221275 127.907911 37.580522 202.761684 310.782461 26.269036
0.102667 81.489021 53.044454 123.993128 36.818721 194.985630 299.216850 25.857968
0.104837 79.194945 51.840986 119.906928 36.246979 187.202356 286.767315 25.434977
0.108146 76.370006 50.206692 114.134521 35.208885 176.258103 268.018086 24.853852
0.110381 74.444180 49.163993 110.728480 34.558194 169.552764 257.405958 24.501858
0.112226 72.861684 48.349425 108.301978 34.099000 164.458142 247.324310 24.233701
0.113844 71.723084 47.698628 106.063807 33.700712 161.050025 238.971147 24.014617
0.116397 69.849240 46.681426 102.635351 33.157097 154.706546 227.408598 23.697221
0.119358 67.997432 45.619022 99.422636 32.577135 147.611333 216.185138 23.369739
0.123176 65.740957 44.397222 95.526948 31.803912 140.295298 203.183555 23.001825
0.126133 64.262648 43.497166 92.654908 31.342251 135.150934 194.062922 22.750286
0.128855 62.832962 42.774326 90.057428 30.844671 130.886324 186.316618 22.542855
0.131238 61.719041 42.215874 87.960689 30.539468 127.107833 180.005171 22.379463
0.134341 60.355320 41.493272 85.444929 30.092019 122.555460 172.385564 22.190932
0.137010 59.130389 40.851676 83.502716 29.831179 119.172111 166.324137 22.049599
0.139617 58.142014 40.299004 81.752163 29.549908 116.161013 160.806321 21.929290
0.142699 56.937676 39.664988 79.748417 29.273291 112.661300 154.752096 21.808592
0.144876 56.181637 39.282554 78.517753 29.125704 110.282231 150.755894 21.736748
0.146821 55.585355 39.003002 77.469625 29.004614 108.119945 147.842211 21.681612
0.149341 54.857711 38.610684 76.114291 28.814144 105.536162 144.304007 21.622377
0.151629 54.207129 38.324024 74.870373 28.627206 103.457759 141.264623 21.580095
0.153517 53.681754 38.057025 73.898066 28.508680 101.906477 138.873427 21.553157
0.156750 52.853658 37.685794 72.588759 28.314307 99.299751 135.009309 21.523106
0.158753 52.459035 37.489938 71.703909 28.201322 97.770143 132.753268 21.514310
0.160602 52.085715 37.304476 70.973756 28.124873 96.524200 130.758232 21.512622
0.162980 51.647806 37.051070 70.101324 28.028182 95.040256 128.309016 21.519263
0.164230 51.406408 36.943011 69.682922 27.984251 94.198766 127.072137 21.526628
0.167467 50.795649 36.666217 68.628480 27.849153 92.233198 123.105393 21.557718
0.169180 50.474313 36.526220 68.090583 27.778682 91.256908 120.912198 21.580998
0.171071 50.155496 36.364897 67.543539 27.709984 90.216817 118.590055 21.612014
0.172681 49.945409 36.253449 67.089442 27.692338 89.552027 116.739482 21.642725
0.174617 49.683645 36.147871 66.518004 27.657561 88.703246 114.538316 21.684785
0.176454 49.414069 36.060711 66.025266 27.630532 87.907452 112.536703 21.725875
0.178412 49.192591 35.961077 65.632030 27.625076 87.073216 110.490808 21.750422
0.180539 48.905235 35.884249 65.167995 27.597781 86.077850 108.366409 21.782980
0.184338 48.500837 35.773155 64.367522 27.590729 84.399928 105.115992 21.855960
0.186063 48.357808 35.687524 63.973941 27.617729 83.772964 103.893754 21.895166
0.188344 48.119845 35.617419 63.530894 27.609085 83.112305 102.342632 21.952689
0.191165 47.828826 35.507229 63.049850 27.639952 82.324068 100.521621 22.032550
0.193882 47.643382 35.500277 62.647587 27.698396 81.584052 98.864476 22.118277
0.196169 47.509573 35.474296 62.344945 27.763595 80.823108 97.537812 22.197001
0.199157 47.336740 35.477774 61.931418 27.836862 80.171916 95.892863 22.308665
0.200767 47.243506 35.487134 61.685636 27.855700 79.701439 95.046098 22.372863
0.202885 47.090858 35.441683 61.428929 27.897718 79.250701 93.972711 22.461487
0.204749 47.030022 35.470889 61.188404 27.958072 78.813696 93.151517 22.543412
0.208097 46.952447 35.509350 60.916128 28.076182 78.150229 92.250119 22.699516
0.211034 46.917701 35.522208 60.696308 28.210669 77.510418 91.785711 22.845702
0.212320 46.880626 35.542054 60.616100 28.286081 77.277850 91.595531 22.912378
0.213662 46.862204 35.562524 60.531139 28.339233 77.020258 91.405254 22.983703
0.215646 46.838245 35.603801 60.472723 28.415573 76.656206 91.139171 23.092267
0.217256 46.802926 35.681717 60.360738 28.550578 76.374822 90.936087 23.183123
0.219468 46.808736 35.782694 60.266218 28.653024 75.954717 90.675359 23.311873
0.222404 46.842244 35.867804 60.095665 28.779088 75.478594 89.740507 23.489640
0.224584 46.881250 35.948613 59.995103 28.878916 75.243455 88.855846 23.626721
0.226368 46.900872 35.986288 59.933166 28.980526 75.005400 88.156583 23.742031
0.228168 46.892927 36.061454 59.964379 29.066277 74.838295 87.544784 23.861241
0.230022 46.940472 36.129695 59.874612 29.197733 74.615376 87.221974 23.986957
0.233263 46.971555 36.252987 59.916376 29.428652 74.197399 86.693281 24.213808
0.235924 47.015553 36.394414 59.865309 29.583411 73.965774 86.291577 24.406698
0.237383 47.024075 36.485782 59.837986 29.658197 73.822343 86.083130 24.515001
0.239076 47.036892 36.574571 59.822696 29.797219 73.680763 85.851596 24.642792
0.240879 47.112695 36.679773 59.828162 29.946156 73.633732 85.650295 24.781444
0.242884 47.201302 36.810016 59.827464 30.089773 73.520430 85.496430 24.938264
0.245047 47.252159 36.926689 59.868804 30.268500 73.396074 85.343972 25.150322
0.246801 47.311261 37.007071 59.915753 30.407692 73.302052 85.230353 25.323258
0.249268 47.425717 37.183401 59.986440 30.557744 73.208566 85.085251 25.545078
0.250690 47.438864 37.266239 60.008892 30.667283 73.158502 85.009197 25.635178
0.252912 47.533934 37.425687 60.076748 30.840196 73.094095 84.901103 25.829413
0.256068 47.684682 37.628481 60.256400 31.121905 72.964105 84.769437 26.130390
0.259078 47.812691 37.831691 60.366390 31.411820 72.877491 84.545613 26.422005
0.261679 47.955738 38.011103 60.448012 31.601675 72.835428 84.216912 26.655053
0.264266 48.072734 38.209023 60.555540 31.785122 72.789295 83.908649 26.815084
0.266906 48.240624 38.370334 60.626017 31.995238 72.755463 83.612149 26.955873
0.269157 48.366966 38.520999 60.661363 32.198185 72.666276 83.542670 27.159174
0.272231 48.504240 38.755729 60.802477 32.432770 72.657494 83.550747 27.407215
0.274228 48.668674 38.908101 60.856016 32.635135 72.734948 83.564237 27.557511
0.277172 48.817412 39.094743 60.975552 32.903262 72.906099 83.595595 27.783594
0.279450 48.939623 39.265706 61.075310 33.085529 73.007812 83.398262 27.962142
0.282540 49.137940 39.499601 61.259283 33.354151 73.246800 83.468142 28.209272
0.286551 49.400952 39.799938 61.591326 33.753796 73.318080 83.572907 28.538596
0.291503 49.766608 40.194961 61.887217 34.231086 73.522896 83.345770 28.958161
0.295171 50.038998 40.470919 62.156631 34.555469 73.678570 83.131144 29.277914
0.297747 50.241432 40.689236 62.326085 34.779055 73.834119 83.174756 29.507061
0.300709 50.476066 40.914686 62.554972 35.038678 74.012165 83.313197 29.775077
0.304049 50.762728 41.202937 62.827833 35.353144 74.286929 83.477969 30.083153
0.308747 51.184249 41.627418 63.248617 35.780456 74.707481 83.724712 30.526708
0.313451 51.566718 42.103143 63.698612 36.222088 75.081529 83.988730 30.982747
0.318086 51.985662 42.516708 64.113678 36.653057 75.424933 84.264806 31.443593
0.322033 52.386904 42.890783 64.492856 37.019803 75.706215 84.624728 31.844860
0.326897 52.819972 43.330862 64.907871 37.465995 76.056675 85.128969 32.350518
0.331106 53.208081 43.721927 65.314898 37.872170 76.335456 85.119473 32.797773
0.336119 53.659205 44.197145 65.832108 38.342295 76.900834 85.477733 33.342293
0.341113 54.202080 44.702121 66.410638 38.868425 77.565316 85.849631 33.897188
0.346721 54.781441 45.237723 67.040314 39.489978 78.307778 86.284356 34.535045
0.352921 55.365636 45.829810 67.762735 40.155235 78.932030 86.784950 35.258083
0.358724 55.983038 46.471948 68.446885 40.802170 79.527609 87.683126 35.843748
0.364566 56.668427 47.064456 69.232494 41.392565 80.267228 88.982756 36.564178
0.370372 57.323037 47.685991 69.975571 41.951292 80.957348 89.645383 37.296155
0.376443 58.047846 48.325341 70.872458 42.601929 81.729334 90.280496 38.078198
0.381166 58.624396 48.874887 71.517432 43.131310 82.473587 90.717837 38.698417
0.388906 59.565801 49.738290 72.675024 43.889020 83.554414 91.648527 39.736940
0.392872 60.085848 50.180033 73.319191 44.299931 84.188042 92.250277 40.279748
0.397401 60.655591 50.658553 73.932251 44.845607 84.920971 93.131709 40.868781
0.405766 61.688890 51.658164 75.252234 45.762158 86.300562 94.677286 41.578799
0.411589 62.462224 52.357287 76.123964 46.364970 87.289252 95.760684 42.084111
0.423001 64.051889 53.685953 77.939013 47.662524 89.128522 97.913422 43.099796
0.430714 65.098931 54.590148 79.275854 48.550773 90.548039 99.724795 43.804628
0.440000 66.372295 55.661975 80.944983 49.551613 92.303059 101.705480 44.480013
0.448522 67.602865 56.701647 82.471240 50.566342 93.867502 103.554026 45.140708
0.457254 68.910473 57.896494 84.085944 51.596034 95.721856 105.477987 46.336371
0.468256 70.538754 59.257631 86.004775 52.788368 97.952845 107.664779 47.093333
0.476997 71.883405 60.490698 87.634250 53.836817 99.793088 109.902628 47.418373
0.485919 73.224383 61.635807 89.380691 54.956975 101.618650 112.033544 48.323881
0.496352 74.845638 63.002578 91.369799 56.034610 104.091101 114.912082 49.182812
0.509776 76.991603 64.763967 93.990235 57.445409 106.888045 118.466368 49.599165
0.519457 78.480075 66.012940 95.929400 58.397752 109.146328 121.023863 49.909938
0.534542 80.872998 68.000622 98.958276 59.979914 112.836452 125.252762 50.409710
0.547306 82.988810 69.715542 101.583755 61.344875 115.738976 128.810067 50.845842
0.566629 86.139580 72.282055 105.592668 63.222608 120.619283 134.918655 51.753326
0.584333 88.997767 74.736913 109.218847 64.895094 124.881988 141.055203 52.667609
0.605422 92.502894 77.541576 113.569803 67.119288 130.106372 148.409227 52.956456
0.621389 95.121917 79.599475 116.926080 68.618477 134.224992 153.679929 53.556444
0.643021 98.786228 82.508909 121.546569 70.516340 140.403892 159.751721 54.389691
0.662286 102.192620 85.038389 125.711586 72.024051 145.617233 166.254890 55.142772
0.690466 107.170398 88.959632 131.986183 74.681704 153.373495 175.911870 55.829219
0.718011 112.129981 92.626719 138.211859 77.161158 161.263819 185.887734 56.856939
0.745792 117.210314 96.489690 144.425862 79.337585 168.865932 195.985653 57.873708
0.773888 122.389562 100.341126 151.087926 81.879509 176.724238 206.425961 58.762673
0.806143 128.437910 104.646935 158.899806 84.436726 185.966828 218.612270 59.765451
0.844305 135.592741 109.973609 167.890572 87.215295 197.844614 233.300765 60.957459
0.896259 145.700516 117.293032 180.612806 91.069888 213.698055 253.756042 62.604065
0.956900 157.774810 125.565848 195.841093 95.381630 233.967869 278.277424 64.470954
1.038591 174.374869 137.046832 217.303667 101.163828 261.213718 312.059064 67.691363
1.127189 192.256251 149.239087 240.972280 107.056376 292.003606 348.325954 70.993344
1.241812 216.355184 165.081319 273.510796 113.698903 335.526897 402.036885 74.611705
1.393031 249.006973 185.887149 318.409369 121.772936 396.387439 472.911470 79.040058
