0.020463 14.886144 12.388214 17.497016 11.318406 18.418553 18.565323 11.159893
0.027436 48.915330 40.707223 57.494562 37.191873 60.522699 61.004978 36.671005
0.034786 133.852936 111.392101 157.329327 101.772622 165.615584 166.935303 100.347307
0.043550 354.443453 294.967015 416.609089 269.494571 438.551153 442.045779 265.720328
0.048426 562.590746 468.186706 661.263217 427.755543 696.090781 701.637630 421.764872
0.053481 865.570856 720.326046 1017.382837 658.120907 1070.966590 1079.500665 648.903993
0.057722 1202.931243 1001.076573 1413.912670 914.626683 1488.380948 1500.241219 901.817432
0.061771 1607.769787 1337.982265 1889.755616 1222.438236 1989.285701 2005.137467 1205.318117
0.066349 2176.443510 1811.231210 2558.168701 1654.818860 2692.902920 2714.361510 1631.643295
0.069273 2607.885596 2170.276307 3065.281170 1982.857928 3226.724105 3252.436487 1955.088210
0.071836 3033.263721 2524.274990 3565.266122 2306.286375 3753.042380 3782.948767 2273.987075
0.076436 3915.396079 3258.383480 4602.115173 2976.999516 4844.500436 4883.104185 2935.306949
0.079623 4621.535316 3846.030905 5432.103770 3513.899519 5718.203064 5763.768975 3464.687724
0.083015 5463.366959 4546.601234 6421.583787 4153.970751 6759.797242 6813.663171 4095.794826
0.086593 6456.268003 5372.891166 7588.629180 4908.904828 7988.308851 8051.964263 4840.156130
0.088342 6982.277246 5810.634830 8206.894886 5308.846298 8639.137517 8707.979104 5234.496461
0.091129 7876.563422 6554.857699 9258.029406 5988.800372 9745.633433 9823.292212 5904.927849
0.094217 8949.835168 7448.031941 10519.541674 6804.842836 11073.587320 11161.827994 6709.541725
0.096756 9898.180480 8237.242696 11634.216731 7525.899781 12246.970340 12344.561201 7420.500342
0.100717 11497.522518 9568.211409 13514.066461 8741.930133 14225.828429 14339.187962 8619.500317
0.102667 12339.310476 10268.745383 14503.495131 9381.968151 15267.368556 15389.027677 9250.574669
0.104837 13317.967436 11083.181421 15653.798178 10126.072000 16478.256029 16609.564194 9984.257422
0.108146 14896.334179 12396.694541 17508.993768 11326.154172 18431.161488 18578.031519 11167.532568
0.110381 16019.952523 13331.767105 18829.682895 12180.476748 19821.408974 19979.357293 12009.890447
0.112226 16983.401003 14133.546682 19962.110057 12913.017110 21013.479071 21180.926486 12732.171657
0.113844 17853.584963 14857.711742 20984.915087 13574.645505 22090.153432 22266.180403 13384.534016
0.116397 19276.146185 16041.563872 22656.978514 14656.263810 23850.281481 24040.334159 14451.004370
0.119358 21000.434515 17476.512596 24683.688794 15967.294781 25983.735006 26190.788261 15743.674489
0.123176 23338.456893 19422.209363 27431.775588 17744.967166 28876.558669 29106.663597 17496.450759
0.126133 25235.669107 21001.064940 29661.738775 19187.477637 31223.970071 31472.780515 18918.759022
0.128855 27047.986242 22509.271031 31791.917183 20565.439694 33466.341206 33733.020146 20277.422864
0.131238 28684.071591 23870.817440 33714.954612 21809.407148 35490.661614 35773.471495 21503.968684
0.134341 30881.704790 25699.682660 36298.029450 23480.337199 38209.782432 38514.259823 23151.497534
0.137010 32831.481992 27322.282697 38589.776967 24962.814493 40622.232236 40945.933406 24613.212889
0.139617 34786.533303 28949.271836 40887.723617 26449.301859 43041.207670 43384.184620 26078.882156
0.142699 37159.647467 30924.171905 43677.056925 28253.655639 45977.450228 46343.824837 27857.966150
0.144876 38875.184654 32351.837949 45693.481206 29558.032840 48100.076007 48483.364912 29144.075684
0.146821 40433.355537 33648.544121 47524.938795 30742.759460 50027.993227 50426.644878 30312.210332
0.149341 42487.499402 35357.997852 49939.357785 32304.590031 52569.575394 52988.479824 31852.167629
0.151629 44385.635274 36937.622095 52170.406629 33747.802788 54918.129632 55355.748686 33275.168343
0.153517 45974.663512 38260.007687 54038.133627 34955.991231 56884.226506 57337.512544 34466.436234
0.156750 48740.540697 40561.764226 57289.116441 37058.975163 60306.432832 60786.988966 36539.968096
0.158753 50480.452867 42009.715073 59334.190818 38381.885434 62459.217658 62956.928412 37844.351147
0.160602 52103.855768 43360.707179 61242.321430 39616.210021 64467.846134 64981.562788 39061.389147
0.162980 54215.298522 45117.844911 63724.088929 41221.606749 67080.323935 67614.858306 40644.302462
0.164230 55335.027696 46049.680917 65040.206767 42072.972267 68465.759371 69011.333684 41483.744695
0.167467 58264.369933 48487.472691 68483.324676 44300.243850 72090.220207 72664.676296 43679.823572
0.169180 59831.057234 49791.266207 70324.792372 45491.445772 74028.674749 74618.577551 44854.342836
0.171071 61572.420337 51240.424517 72371.572160 46815.459233 76183.254807 76790.326535 46159.813627
0.172681 63064.472679 52482.106994 74125.314716 47949.913835 78029.363879 78651.146460 47278.380312
0.174617 64869.740505 53984.446666 76247.207439 49322.516078 80263.012938 80902.594511 48631.759404
0.176454 66592.733952 55418.317792 78272.395728 50632.562509 82394.864310 83051.433694 49923.458772
0.178412 68439.891301 56955.517827 80443.524955 52037.014682 84680.343072 85355.124457 51308.241739
0.180539 70456.899649 58634.067467 82814.295251 53570.609944 87175.977645 87870.645673 52820.359160
0.184338 74085.628784 61653.887385 87079.465128 56329.647513 91665.786472 92396.231864 55540.756696
0.186063 75741.989146 63032.306613 89026.333593 57589.030700 93715.193054 94461.969289 56782.502354
0.188344 77940.758587 64862.117411 91610.743957 59260.824672 96435.719739 97204.174686 58430.883026
0.191165 80671.385653 67134.538883 94820.294153 61337.006823 99814.311264 100609.688760 60477.988464
0.193882 83309.378334 69329.870236 97920.962872 63342.756120 103078.286718 103899.673436 62455.647452
0.196169 85536.041195 71182.893872 100538.158866 65035.758341 105833.325794 106676.666239 64124.939354
0.199157 88451.680858 73609.282396 103965.170914 67252.611422 109440.832502 110312.919623 66310.745640
0.200767 90024.578915 74918.244489 105813.938668 68448.535579 111386.971583 112274.566652 67489.921005
0.202885 92094.101071 76640.495997 108246.433139 70022.058751 113947.581233 114855.580704 69041.407149
0.204749 93916.949376 78157.466103 110388.989772 71408.027989 116202.982533 117128.954331 70407.966033
0.208097 97190.870767 80882.015844 114237.122376 73897.294004 120253.789472 121212.040415 72862.370138
0.211034 100060.534667 83270.143445 117610.094997 76079.190259 123804.410593 124790.954915 75013.709164
0.212320 101315.927953 84314.878808 119085.670998 77033.705492 125357.702571 126356.624412 75954.856512
0.213662 102625.722664 85404.886910 120625.189860 78029.583851 126978.305167 127990.140896 76936.787698
0.215646 104559.226144 87013.943994 122897.809417 79499.687720 129370.619575 130401.518633 78386.302916
0.217256 106126.459347 88318.191809 124739.918762 80691.304709 131309.749559 132356.100713 79561.231435
0.219468 108275.631409 90106.727783 127266.032890 82325.388224 133968.909649 135036.450511 81172.429781
0.222404 111119.629613 92473.496451 130608.838324 84487.770038 137487.774729 138583.355920 83304.527664
0.224584 113225.704513 94226.167068 133084.296504 86089.085417 140093.610912 141209.956895 84883.416789
0.226368 114944.414618 95656.473607 135104.450198 87395.875088 142220.162526 143353.454089 86171.905007
0.228168 116674.491284 97096.239371 137137.964027 88711.307113 144360.777931 145511.127140 87468.914544
0.230022 118451.214845 98574.824572 139226.306124 90062.206249 146559.109310 147726.976081 88800.894479
0.233263 121543.919467 101148.566142 142861.438453 92413.687422 150385.697627 151584.056841 91119.443404
0.235924 124069.569743 103250.406407 145830.061096 94334.019234 153510.672371 154733.933171 93012.881170
0.237383 125449.282302 104398.599979 147451.760657 95383.058344 155217.783979 156454.648020 94047.228598
0.239076 127044.097800 105725.801715 149326.289940 96595.647025 157191.041402 158443.629486 95242.835101
0.240879 128737.469151 107135.021401 151316.660729 97883.170838 159286.241499 160555.525335 96512.327278
0.242884 130612.161575 108695.136062 153520.154393 99308.558801 161605.789275 162893.556594 97917.752831
0.245047 132625.005452 110370.220039 155886.029814 100838.987684 164096.271168 165403.884071 99426.748218
0.246801 134249.641175 111722.238096 157795.609473 102074.249624 166106.425008 167430.055966 100644.710444
0.249268 136522.645056 113613.826622 160467.274213 103802.486389 168918.801604 170264.843186 102348.743434
0.250690 137826.351260 114698.767882 161999.636708 104793.735463 170531.870920 171890.766360 103326.110169
0.252912 139854.339734 116386.455158 164383.312928 106335.679262 173041.091148 174419.981490 104846.459206
0.256068 142713.728911 118766.032158 167744.208749 108509.763320 176578.999405 177986.081822 106990.095445
0.259078 145417.525766 121016.125591 170922.222998 110565.545612 179924.394041 181358.134475 109017.086721
0.261679 147735.537295 122945.169376 173646.789252 112328.003116 182792.458379 184249.053190 110754.861192
0.264266 150021.965100 124847.929260 176334.232331 114066.446515 185621.444329 187100.582117 112468.957873
0.266906 152337.865058 126775.215800 179056.316667 115827.298524 188486.896030 189988.867376 114205.149334
0.269157 154296.981144 128405.587635 181359.041010 117316.876468 190910.900790 192432.187991 115673.865895
0.272231 156949.514599 130613.019787 184476.800802 119333.681576 194192.867473 195740.307261 117662.425858
0.274228 158658.330870 132035.092700 186485.325387 120632.948650 196307.177495 197871.465314 118943.496834
0.277172 161156.915994 134114.409409 189422.135936 122532.701971 199398.664659 200987.587215 120816.644308
0.279450 163072.860624 135708.854059 191674.117007 123989.455291 201769.253588 203377.066352 122252.995950
0.282540 165646.963282 137851.016284 194699.690068 125946.626982 204954.178228 206587.370292 124182.757657
0.286551 168947.176658 140597.446154 198578.725993 128455.883625 209037.516111 210703.246546 126656.872423
0.291503 172955.880953 143933.480514 203290.514657 131503.828330 213997.466347 215702.720501 129662.130981
0.295171 175876.960613 146364.396190 206723.920819 133724.817614 217611.703936 219345.758402 131852.015543
0.297747 177904.566551 148051.765120 209107.147411 135266.470558 220120.450855 221874.496450 133372.077799
0.300709 180210.800391 149971.007539 211817.870293 137019.973112 222973.942715 224750.726565 135101.022733
0.304049 182779.842599 152108.958470 214837.495355 138973.297183 226152.606086 227954.719343 137026.990706
0.308747 186335.598314 155068.050078 219016.893045 141676.850752 230552.125257 232389.296398 139692.681289
0.313451 189829.172675 157975.394508 223123.203428 144333.125869 234874.707742 236746.323691 142311.755552
0.318086 193206.364076 160785.885311 227092.718510 146900.911340 239053.290159 240958.203442 144843.579456
0.322033 196031.130844 163136.649624 230412.919517 149048.670885 242548.360279 244481.124279 146961.259854
0.326897 199448.801994 165980.827579 234430.014068 151647.234390 246777.028092 248743.488534 149523.430748
0.331106 202349.181006 168394.516224 237839.088907 153852.484315 250365.652870 252360.709526 151697.796380
0.336119 205736.637058 171213.549246 241820.668952 156428.074326 254556.935691 256585.390885 154237.315522
0.341113 209038.296145 173961.182233 245701.404151 158938.430188 258642.062345 260703.070163 156712.514113
0.346721 212660.843052 176975.857315 249959.307502 161692.767213 263124.221932 265220.946160 159428.276936
0.352921 216562.149967 180222.515826 254544.862421 164659.054292 267951.289914 270086.478980 162353.021475
0.358724 220118.327426 183181.958408 258724.755824 167362.928526 272351.330907 274521.582014 165019.028233
0.364566 223605.164860 186083.696384 262823.147695 170014.081345 276665.577825 278870.207319 167633.051935
0.370372 226981.463099 188893.443900 266791.612964 172581.187716 280843.055138 283080.973159 170164.206250
0.376443 230417.710071 191753.080610 270830.541340 175193.875006 285094.706725 287366.504336 172740.303128
0.381166 233026.323304 193923.962455 273896.677765 177177.286179 288322.331130 290619.848298 174695.936835
0.388906 237181.460302 197381.857768 278780.581881 180336.568301 293463.461834 295801.946471 177810.973541
0.392872 239254.476113 199107.016689 281217.182757 181912.747809 296028.394167 298387.317651 179365.078820
0.397401 241575.790878 201038.809419 283945.631600 183677.716867 298900.545582 301282.356011 181105.329672
0.405766 245738.778943 204503.238372 288838.763776 186842.968403 304051.390372 306474.245677 184226.252191
0.411589 248543.818969 206837.586136 292135.778180 188975.729082 307522.052690 309972.564217 186329.143780
0.423001 253828.653652 211235.613226 298347.517016 192993.956095 314060.952819 316563.570040 190291.095945
0.430714 257247.183432 214080.505731 302365.620791 195593.172443 318290.683011 320827.005140 192853.910540
0.440000 261205.864355 217374.910757 307018.612512 198603.082795 323188.739572 325764.092216 195821.667412
0.448522 264694.086004 220277.800674 311118.631375 201255.288077 327504.699174 330114.443851 198436.728837
0.457254 268130.965488 223137.963759 315158.303199 203868.456285 331757.133364 334400.763869 201013.299898
0.468256 272272.537039 226584.569940 320026.262632 207017.424168 336881.479607 339565.943831 204118.166816
0.476997 275419.356658 229203.345882 323725.001155 209410.050684 340775.024144 343490.514357 206477.284848
0.485919 278507.045379 231772.913231 327354.237848 211757.718109 344595.406310 347341.339513 208792.073436
0.496352 281965.650787 234651.156580 331419.446093 214387.405225 348874.721881 351654.755116 211384.932059
0.509776 286187.176074 238164.300073 336381.382302 217597.164463 354097.994490 356919.649748 214549.738955
0.519457 289081.510116 240572.958108 339783.351948 219797.818207 357679.139857 360529.331729 216719.572774
0.534542 293355.488554 244129.752991 344806.941036 223047.459235 362967.312494 365859.643548 219923.702920
0.547306 296761.841925 246964.512316 348810.732789 225637.417475 367181.976874 370107.892783 222477.389065
0.566629 301580.655535 250974.717757 354474.715381 229301.313922 373144.271406 376117.698287 226089.973026
0.584333 305667.176668 254375.511108 359277.969134 232408.425230 378200.504036 381214.221869 229153.569566
0.605422 310162.992862 258116.918853 364562.303975 235826.736522 383763.155443 386821.199662 232524.007766
0.621389 313321.490685 260745.413370 368274.768938 238228.242347 387671.149365 390760.334715 234891.880753
0.643021 317294.313119 264051.586929 372944.382441 241248.904937 392586.703149 395715.058441 237870.239280
0.662286 320561.965189 266770.919356 376785.146151 243733.404189 396629.753088 399790.325713 240319.943380
0.690466 324931.163357 270406.955876 381920.655505 247055.443791 402035.740632 405239.391257 243595.458165
0.718011 328782.628731 273612.136371 386447.627202 249983.834768 406801.139918 410042.763968 246482.837333
0.745792 332298.170361 276537.761912 390579.757682 252656.812296 411150.902399 414427.187844 249118.380091
0.773888 335521.292226 279220.036406 394368.181059 255107.453824 415138.855331 418446.919065 251534.700641
0.806143 338859.946034 281998.456314 398292.399461 257645.937943 419269.755373 422610.736480 254037.633556
0.844305 342376.427251 284924.863777 402425.634322 260319.629869 423620.680400 426996.332166 256673.880706
0.896259 346526.030196 288378.153664 407303.033770 263474.704275 428754.963847 432171.528518 259784.768625
0.956900 350608.597625 291775.656751 412101.640381 266578.809456 433806.304577 437263.121219 262845.401138
1.038591 355095.575729 295509.709458 417375.587025 269990.400869 439358.020659 442859.076548 266209.213571
1.127189 358965.845622 298730.539032 421924.661357 272933.089518 444146.686686 447685.901404 269110.690173
1.241812 362855.893008 301967.827388 426496.981943 275890.815621 448959.823308 452537.391850 272026.993631
1.393031 366649.510430 305124.866954 430955.959770 278775.222971 453653.647606 457268.619224 274871.005158
