0.020463 11509.130352 2971.644679
0.027436 12586.546430 3249.832314
0.034786 9409.310098 2429.473421
0.043550 6297.484265 1626.003445
0.048426 10166.790890 2625.054120
0.053481 8873.089196 2291.021779
0.057722 9787.293788 2527.068390
0.061771 9573.151513 2471.777092
0.066349 7873.420046 2032.908314
0.069273 11797.369915 3046.067814
0.071836 12970.660911 3349.010246
0.076436 7208.557092 1861.241438
0.079623 9974.774640 2575.475738
0.083015 8978.524581 2318.245078
0.086593 8152.831532 2105.052050
0.088342 16329.411024 4216.235797
0.091129 9928.329895 2563.483756
0.094217 8656.502456 2235.099323
0.096756 10240.224251 2644.014532
0.100717 6297.656480 1626.047911
0.102667 12532.530215 3235.885387
0.104837 11021.806291 2845.818147
0.108146 6995.973488 1806.352587
0.110381 10140.997186 2618.394214
0.112226 12060.367779 3113.973571
0.113844 13557.220132 3500.459186
0.116397 8392.330588 2166.890440
0.119358 7044.639883 1818.918197
0.123176 5285.439756 1364.694677
0.126133 6654.466942 1718.175976
0.128855 7060.731002 1823.072905
0.131238 7909.136741 2042.130325
0.134341 5925.132715 1529.862689
0.137010 6739.001154 1740.002616
0.139617 6759.929434 1745.406275
0.142699 5584.938801 1442.024998
0.144876 7773.582501 2007.130371
0.146821 8576.169774 2214.357514
0.149341 6496.342503 1677.348422
0.151629 7034.867722 1816.395035
0.153517 8406.477519 2170.543162
0.156750 4797.069082 1238.597911
0.158753 7635.049284 1971.361248
0.160602 8162.512810 2107.551745
0.162980 6241.378492 1611.516997
0.164230 11768.156236 3038.524875
0.167467 4449.764499 1148.924253
0.169180 8301.098249 2143.334351
0.171071 7428.122648 1917.933021
0.172681 8630.066480 2228.273584
0.174617 7083.949350 1829.067857
0.176454 7376.576968 1904.623983
0.178412 6833.159404 1764.314172
0.180539 6569.352916 1696.199629
0.184338 3591.447168 927.307671
0.186063 7820.758602 2019.311188
0.188344 5826.821185 1504.478761
0.191165 4629.205840 1195.255808
0.193882 4726.998008 1220.505638
0.196169 5536.526067 1429.524884
0.199157 4160.619409 1074.267312
0.200767 7640.647825 1972.806785
0.202885 5738.120717 1481.576398
0.204749 6442.548333 1663.458827
0.208097 3518.958117 908.591079
0.211034 3941.415611 1017.669135
0.212320 8925.950927 2304.670619
0.213662 8484.029707 2190.567051
0.215646 5675.172996 1465.323367
0.217256 6922.338420 1787.340094
0.219468 4979.703278 1285.753858
0.222404 3689.474579 952.618240
0.224584 4902.315000 1265.772290
0.226368 5929.786818 1531.064373
0.228168 5815.008131 1501.428643
0.230022 5897.804074 1522.806464
0.233263 3315.457305 856.047395
0.235924 3973.954284 1026.070584
0.237383 7179.514343 1853.742632
0.239076 6132.987959 1583.530682
0.240879 5698.405852 1471.322064
0.242884 5067.985053 1308.548114
0.245047 4642.505185 1198.689684
0.246801 5666.943445 1463.198506
0.249268 3978.940505 1027.358021
0.250690 6840.767868 1766.278669
0.252912 4326.542657 1117.108511
0.256068 2994.142389 773.084241
0.259078 3085.597862 796.697942
0.261679 3520.427606 908.970499
0.264266 3673.286254 948.438433
0.266906 3546.552376 915.715886
0.269157 4107.015116 1060.426743
0.272231 2958.678791 763.927579
0.274228 4501.859614 1162.375154
0.277172 3006.194860 776.196175
0.279450 3835.069971 990.210809
0.282540 2782.490544 718.435969
0.286551 2098.453904 541.818468
0.291503 1656.053635 427.591210
0.295171 2297.706162 593.265180
0.297747 3224.012179 832.436365
0.300709 2758.749578 712.306078
0.304049 2404.221139 620.767229
0.308747 1667.441536 430.531553
0.313451 1622.955769 419.045378
0.318086 1683.102288 434.575142
0.322033 1933.369147 499.193767
0.326897 1529.246396 394.849722
0.331106 1726.235425 445.712070
0.336119 1474.630402 380.747932
0.341113 1441.912682 372.300254
0.346721 1243.875090 321.167167
0.352921 1136.359194 293.406682
0.358724 1174.792031 303.329998
0.364566 1128.785394 291.451136
0.370372 1146.888809 296.125417
0.376443 1061.709533 274.132223
0.381166 1378.183372 355.845417
0.388906 808.487834 208.750661
0.392872 1533.364222 395.912940
0.397401 1361.108685 351.436751
0.405766 706.754669 182.483271
0.411589 1013.568526 261.702268
0.423001 506.195827 130.699201
0.430714 737.366177 190.387128
0.440000 601.555446 155.320948
0.448522 643.519288 166.155966
0.457254 615.625561 158.953836
0.468256 473.965953 122.377483
0.476997 580.710415 149.938784
0.485919 555.624296 143.461576
0.496352 472.199824 121.921470
0.509776 352.123151 90.917807
0.519457 480.027062 123.942454
0.534542 298.062425 76.959387
0.547306 346.579256 89.486379
0.566629 220.915061 57.040023
0.584333 233.520113 60.294634
0.605422 188.761434 48.737993
0.621389 243.515224 62.875360
0.643021 173.054766 44.682549
0.662286 188.668414 48.713975
0.690466 124.006072 32.018230
0.718011 120.807488 31.192359
0.745792 116.078658 29.971381
0.773888 109.870312 28.368393
0.806143 92.452891 23.871234
0.844305 74.330976 19.192175
0.896259 51.299520 13.245479
0.956900 41.295007 10.662325
1.038591 28.195692 7.280096
1.127189 23.907617 6.172920
1.241812 16.797564 4.337112
1.393031 11.343211 2.928804
