0.020463 0.089263 0.071184 0.107210 0.058117 0.124559 0.135293 0.048909
0.027436 0.295072 0.252308 0.337057 0.221445 0.377881 0.403218 0.199832
0.034786 0.810052 0.725667 0.893145 0.665081 0.973585 1.023901 0.622116
0.043550 2.151097 1.992707 2.306187 1.880050 2.455667 2.551046 1.798686
0.048426 3.417429 3.206506 3.624320 3.056243 3.823830 3.951445 2.947398
0.053481 5.262469 4.987475 5.531344 4.791798 5.790983 5.957582 4.650013
0.057722 7.317499 6.982067 7.645248 6.744200 7.961810 8.165283 6.570501
0.061771 9.784660 9.387331 10.175054 9.104084 10.549901 10.791915 8.896978
0.066349 13.251571 12.777206 13.716782 12.441277 14.164498 14.454140 12.192059
0.069273 15.880943 15.354355 16.398769 14.982590 16.895534 17.217562 14.706313
0.071836 18.473092 17.901285 19.039552 17.494160 19.580985 19.932601 17.194318
0.076436 23.852298 23.190041 24.508060 22.721690 25.131086 25.539959 22.375708
0.079623 28.160732 27.430720 28.877799 26.914048 29.560093 30.011441 26.539670
0.083015 33.296025 32.493315 34.081097 31.924218 34.826342 35.326917 31.518248
0.086593 39.355236 38.474095 40.210267 37.854819 41.028981 41.579349 37.406280
0.088342 42.562922 41.643766 43.456079 40.999817 44.311278 44.885551 40.531399
0.091129 48.017895 47.039871 48.971344 46.352897 49.883957 50.498609 45.852330
0.094217 54.565930 53.517848 55.585563 52.786190 56.559424 57.226339 52.249349
0.096756 60.352813 59.248015 61.427893 58.475727 62.450770 63.162052 57.910369
0.100717 70.108878 68.916758 71.271287 68.085768 72.389110 73.156448 67.472735
0.102667 75.242316 74.008021 76.451679 73.145718 77.611200 78.409912 72.512384
0.104837 81.215830 79.930587 82.473424 79.033367 83.673069 84.512310 78.376471
0.108146 90.850635 89.488135 92.184347 88.532529 93.445699 94.343656 87.844083
0.110381 97.711058 96.296918 99.092723 95.299756 100.401857 101.333337 94.590662
0.112226 103.592235 102.133026 105.019227 101.104135 106.361158 107.317754 100.379498
0.113844 108.903137 107.404724 110.366886 106.348753 111.736100 112.719658 105.610852
0.116397 117.585439 116.035208 119.108628 114.933840 120.518320 121.544589 114.168403
0.119358 128.111554 126.491318 129.696279 125.342696 131.156271 132.232248 124.546211
0.123176 142.379426 140.679990 144.046968 139.458864 145.583250 146.710035 138.625561
0.126133 153.956272 152.199915 155.687662 150.922113 157.282626 158.447744 150.059582
0.128855 165.015535 163.205060 166.805001 161.896815 168.448263 169.654135 160.988806
0.131238 175.001831 173.139050 176.841515 171.792310 178.521619 179.768624 170.860483
0.134341 188.418685 186.490085 190.317577 185.092323 192.066250 193.346786 184.127488
0.137010 200.325074 198.334519 202.269969 196.904449 204.068060 205.386634 195.904437
0.139617 212.264509 210.213652 214.258360 208.741146 216.101772 217.453061 207.725497
0.142699 226.749059 224.649485 228.804200 223.125014 230.691101 232.092337 222.082416
0.144876 237.220571 235.078988 239.323364 233.527957 241.244157 242.670470 232.465469
0.146821 246.731996 244.557404 248.877291 242.977330 250.830627 252.276855 241.899039
0.149341 259.272285 257.050262 261.460680 255.437428 263.463066 264.941625 254.339396
0.151629 270.858311 268.600793 273.091917 266.955055 275.138247 276.640600 265.838771
0.153517 280.558350 278.266528 282.830874 276.593077 284.901843 286.431682 275.468166
0.156750 297.452318 295.100636 299.774233 293.379501 301.888406 303.468541 292.234621
0.158753 308.077271 305.680856 310.431395 303.940543 312.571586 314.182375 302.785120
0.160602 317.986905 315.563304 320.375262 313.800243 322.542658 324.176525 312.630199
0.162980 330.876580 328.421131 333.304024 326.621304 335.518628 337.172087 325.429114
0.164230 337.713086 335.237992 340.156746 333.422146 342.389962 344.062459 332.217784
0.167467 355.589834 353.064854 358.092313 351.202493 360.366002 362.084220 349.981521
0.169180 365.159719 362.600426 367.687027 360.716172 369.985666 371.720303 359.484168
0.171071 375.788934 373.199795 378.348970 371.291927 380.669490 382.428865 370.047969
0.172681 384.898486 382.288905 387.476111 380.359683 389.816365 391.602762 379.100698
0.174617 395.916695 393.287432 398.520154 391.332566 400.883879 402.700658 390.055399
0.176454 406.430747 403.780734 409.067658 401.801364 411.452250 413.290989 400.512417
0.178412 417.705854 415.037051 420.371093 413.037008 422.778083 424.642624 411.724641
0.180539 430.023995 427.321752 432.720948 425.292709 435.141520 437.035951 423.969726
0.184338 452.178595 449.429185 454.925681 447.342359 457.384640 459.327035 446.004099
0.186063 462.287292 459.520594 465.056851 457.412770 467.529940 469.499797 456.063753
0.188344 475.707131 472.924421 478.511024 470.783186 481.004346 483.001829 469.423882
0.191165 492.386622 489.566244 495.221603 487.386961 497.749169 499.766784 486.025677
0.193882 508.487987 505.654095 511.354494 503.429399 513.914363 515.959909 502.067364
0.196169 522.078904 519.225889 524.974228 516.974764 527.548703 529.616878 515.610018
0.199157 539.879962 537.008781 542.802553 534.728161 545.405530 547.504669 533.346072
0.200767 549.483211 546.591953 552.424237 544.310258 555.044812 557.155575 542.915502
0.202885 562.123852 559.216072 565.077738 556.919220 567.726534 569.852216 555.507785
0.204749 573.253151 570.326795 576.225401 568.024434 578.877787 581.034191 566.600448
0.208097 593.247956 590.288044 596.236214 587.952282 598.928766 601.114574 586.526350
0.211034 610.781339 607.775145 613.780107 605.420164 616.487364 618.712444 603.986458
0.212320 618.446618 615.431059 621.457755 613.062821 624.174909 626.410133 611.624068
0.213662 626.443890 623.415431 629.462460 621.037062 632.197444 634.440850 619.593158
0.215646 638.249090 635.206532 641.288856 632.805695 644.038998 646.294702 631.357966
0.217256 647.815259 644.762187 650.867210 642.341078 653.635209 655.902183 640.894927
0.219468 660.936043 657.865173 664.008207 655.438710 666.797604 669.075860 653.974252
0.222404 678.294623 675.214756 681.386594 672.766715 684.180430 686.506475 671.284087
0.224584 691.153208 688.069230 694.264566 685.598937 697.075810 699.412921 684.104002
0.226368 701.649002 698.556786 704.764032 696.068062 707.586216 709.944595 694.566848
0.228168 712.211459 709.106460 715.340380 706.607053 718.181939 720.545099 705.099659
0.230022 723.058419 719.940457 726.198596 717.430575 729.046254 731.430579 715.917247
0.233263 741.951112 738.801548 745.091430 736.273105 747.952314 750.376718 734.748209
0.235924 757.372091 754.202878 760.537193 751.661993 763.399998 765.847223 750.120702
0.237383 765.795647 762.620197 768.963984 760.069156 771.847699 774.297779 758.518934
0.239076 775.533781 772.355358 778.718304 769.788182 781.612025 784.065231 768.226954
0.240879 785.871000 782.687621 789.073353 780.126347 791.979293 794.435617 778.535448
0.242884 797.325235 794.123236 800.537426 791.543721 803.456100 805.915639 789.948383
0.245047 809.619221 806.403612 812.841951 803.809610 815.773115 818.240746 802.203103
0.246801 819.534797 816.307061 822.775263 813.701676 825.708780 828.188090 812.094852
0.249268 833.406826 830.174742 836.666565 827.550303 839.597498 842.104279 825.935050
0.250690 841.361183 838.129098 844.633784 835.500464 847.574750 850.085547 833.873659
0.252912 853.745103 850.499774 857.020622 847.859678 859.983888 862.500127 846.223199
0.256068 871.200464 867.943184 874.487069 865.294694 877.479502 880.002743 863.636785
0.259078 887.707687 884.433349 891.018844 881.782264 894.030207 896.551398 880.104066
0.261679 901.855469 898.582341 905.181240 895.924485 908.208466 910.737664 894.222691
0.264266 915.821818 912.528949 919.144599 909.862595 922.191931 924.729591 908.149778
0.266906 929.972633 926.650891 933.294436 923.987475 936.359621 938.900836 922.257211
0.269157 941.933134 938.605527 945.264509 935.934935 948.344230 950.888081 934.191911
0.272231 958.135532 954.800580 961.482359 952.105025 964.570107 967.116991 950.351736
0.274228 968.559629 965.223726 971.923030 962.530497 975.022784 977.573646 960.766686
0.277172 983.819116 980.463366 987.202880 977.779784 990.302375 992.859626 976.000976
0.279450 995.526700 992.153237 998.915279 989.471909 1002.009400 1004.579637 987.683503
0.282540 1011.243187 1007.841569 1014.637863 1005.167813 1017.756350 1020.324672 1003.380097
0.286551 1031.389959 1027.976857 1034.795457 1025.289671 1037.915418 1040.509487 1023.498449
0.291503 1055.871587 1052.446150 1059.288081 1049.763055 1062.404691 1065.025187 1047.919155
0.295171 1073.696669 1070.268665 1077.137083 1067.597601 1080.254368 1082.887777 1065.715561
0.297747 1086.080149 1082.633157 1089.529834 1079.959075 1092.651935 1095.285935 1078.069252
0.300709 1100.169843 1096.703010 1103.624544 1094.010667 1106.752605 1109.387046 1092.121231
0.304049 1115.862198 1112.386362 1119.315998 1109.673927 1122.466480 1125.094115 1107.775348
0.308747 1137.566562 1134.089707 1141.037749 1131.362596 1144.197864 1146.832318 1129.443302
0.313451 1158.923527 1155.416077 1162.376300 1152.698353 1165.554864 1168.188594 1150.740381
0.318086 1179.555070 1176.020593 1183.004983 1173.307970 1186.190032 1188.826764 1171.330466
0.322033 1196.819062 1193.254571 1200.248512 1190.543541 1203.440194 1206.091699 1188.553488
0.326897 1217.681578 1214.119372 1221.136389 1211.403314 1224.311537 1226.978976 1209.392683
0.331106 1235.404498 1231.828482 1238.860927 1229.082623 1242.020531 1244.703546 1227.078663
0.336119 1256.072284 1252.508585 1259.561414 1249.756099 1262.719645 1265.403282 1247.754527
0.341113 1276.236208 1272.651239 1279.736954 1269.917097 1282.892688 1285.577292 1267.918743
0.346721 1298.356882 1294.758606 1301.872012 1292.028320 1305.013935 1307.710401 1290.044389
0.352921 1322.164071 1318.561748 1325.706564 1315.817131 1328.880215 1331.544840 1313.874548
0.358724 1343.885124 1340.273639 1347.430029 1337.522567 1350.594276 1353.269133 1335.598264
0.364566 1365.180253 1361.564116 1368.734237 1358.793481 1371.883844 1374.568355 1356.899938
0.370372 1385.796512 1382.171460 1389.358653 1379.406480 1392.517416 1395.190982 1377.527730
0.376443 1406.783789 1403.144435 1410.357404 1400.369480 1413.476098 1416.178422 1398.523194
0.381166 1422.706157 1419.065033 1426.292361 1416.289369 1429.401269 1432.110053 1414.462751
0.388906 1448.088578 1444.425794 1451.669786 1441.649357 1454.768924 1457.485222 1439.853753
0.392872 1460.745898 1457.081270 1464.341561 1454.298203 1467.418622 1470.144291 1452.522174
0.397401 1474.913174 1471.244753 1478.518074 1468.474381 1481.590466 1484.319066 1466.672085
0.405766 1500.347084 1496.636755 1503.945632 1493.905503 1507.011977 1509.738307 1492.040506
0.411589 1517.479697 1513.745072 1521.090880 1511.035847 1524.122599 1526.864873 1509.134361
0.423001 1549.739296 1546.013645 1553.381859 1543.311666 1556.399619 1559.131946 1541.341097
0.430714 1570.629571 1566.884648 1574.272816 1564.189006 1577.266122 1580.008414 1562.174959
0.440000 1594.792795 1591.052255 1598.469456 1588.352241 1601.494667 1604.182210 1586.301408
0.448522 1616.098768 1612.355968 1619.781312 1609.649584 1622.837801 1625.478761 1607.561216
0.457254 1637.089138 1633.340696 1640.770149 1630.637913 1643.819846 1646.457721 1628.508650
0.468256 1662.381919 1658.622166 1666.062485 1655.926300 1669.103656 1671.736736 1653.751812
0.476997 1681.605916 1677.832726 1685.290121 1675.162729 1688.318991 1690.943024 1672.932396
0.485919 1700.452040 1696.678071 1704.157444 1694.014254 1707.193845 1709.787559 1691.779550
0.496352 1721.573154 1717.795525 1725.304658 1715.102286 1728.333413 1730.894853 1712.914476
0.509776 1747.344342 1743.555948 1751.091868 1740.867130 1754.125973 1756.656724 1738.712850
0.519457 1765.014871 1761.196177 1768.786626 1758.544404 1771.795422 1774.318532 1756.401421
0.534542 1791.118140 1787.274026 1794.899745 1784.599806 1797.919162 1800.397928 1782.522879
0.547306 1811.916248 1808.051820 1815.716577 1805.416897 1818.749382 1821.182085 1803.313244
0.566629 1841.340925 1837.450477 1845.168509 1834.826011 1848.207872 1850.602168 1832.709816
0.584333 1866.293453 1862.390022 1870.132897 1859.770338 1873.145943 1875.578417 1857.640033
0.605422 1893.755563 1889.825975 1897.581196 1887.203679 1900.620694 1903.034702 1885.068135
0.621389 1913.052187 1909.099504 1916.887194 1906.493031 1919.906743 1922.309167 1904.338097
0.643021 1937.306355 1933.333521 1941.178306 1930.738475 1944.208180 1946.551996 1928.576915
0.662286 1957.261615 1953.267202 1961.157629 1950.682896 1964.145998 1966.490947 1948.513927
0.690466 1983.940875 1979.916190 1987.870538 1977.325657 1990.875387 1993.150319 1975.172597
0.718011 2007.450686 2003.420622 2011.428377 2000.796591 2014.393335 2016.649608 1998.673034
0.745792 2028.912175 2024.880320 2032.915316 2022.253536 2035.882781 2038.110466 2020.124345
0.773888 2048.595020 2044.555408 2052.631276 2041.916738 2055.573484 2057.815667 2039.810876
0.806143 2068.984951 2064.933836 2073.041491 2062.274393 2075.960474 2078.226637 2060.216403
0.844305 2090.456684 2086.374515 2094.532615 2083.731582 2097.466553 2099.724150 2081.709491
0.896259 2115.799310 2111.679502 2119.884614 2109.067311 2122.835060 2125.091369 2107.073190
0.956900 2140.743236 2136.586269 2144.853321 2133.958003 2147.811460 2149.998673 2132.028091
1.038591 2168.134413 2163.933457 2172.302841 2161.314649 2175.251366 2177.413352 2159.441386
1.127189 2191.780588 2187.536289 2195.958030 2184.886259 2198.943088 2201.076800 2183.075440
1.241812 2215.519075 2211.289297 2219.744694 2208.589914 2222.713692 2224.862519 2206.804085
1.393031 2238.694435 2234.414918 2242.981251 2231.696840 2245.944291 2248.063365 2229.945080
