0.038974 18.260565 8.380611 50.579928 4.561179 150.453652 412.740952 3.035072
0.068347 29.998715 16.287303 65.523446 9.515210 145.679571 297.152882 6.312359
0.085229 44.768555 25.364837 87.208245 15.222269 172.470935 313.549511 10.155711
0.105952 68.609275 40.908404 123.330054 25.175506 218.534949 358.349376 17.256136
0.119190 83.888359 51.300777 144.206180 32.306869 244.801248 388.210484 22.584432
0.135517 98.366480 62.050776 161.808372 40.312498 259.140670 396.268625 28.481590
0.145672 103.749895 66.554363 166.850839 43.971189 258.970054 382.370316 31.338359
0.155720 106.468717 69.364583 166.893076 46.968641 253.391141 367.728869 33.165906
0.171950 107.339410 71.331455 162.270534 49.085164 236.720214 334.641540 34.967003
0.186713 105.209881 71.573925 155.191205 50.089884 218.590308 302.256470 35.647390
0.196601 103.134508 70.925531 149.708855 50.210005 207.099212 281.801831 35.865887
0.205876 101.020854 70.019080 144.316609 50.042733 197.217994 264.173850 35.997758
0.214276 98.769365 69.460033 139.878172 49.883086 188.757576 249.455608 36.310617
0.222959 96.930245 68.719897 135.020185 49.817415 179.936634 235.614351 36.636716
0.234735 94.286335 67.920739 129.608164 49.785891 170.014146 219.708306 37.068832
0.243539 92.668519 67.264254 125.808449 49.786932 162.900912 208.659833 37.410121
0.254948 91.014850 66.841921 121.505822 49.760377 156.093277 196.937979 37.898242
0.268364 89.247730 66.331719 117.654001 49.768566 148.892734 184.751399 38.178958
0.281020 88.086436 65.972505 114.379606 50.267328 143.202636 175.085738 39.193468
0.295467 86.993877 65.968938 111.780073 50.722685 138.234493 165.842117 40.019693
0.307370 86.379848 66.055316 110.310828 51.388707 134.323436 159.997067 40.806083
0.319871 85.753631 66.258242 108.961614 52.055538 131.408636 154.355462 41.732155
0.334210 85.646689 66.711400 108.194894 53.082277 128.564379 149.785826 42.916905
0.342310 85.635171 67.014311 107.734261 53.594260 127.641236 147.261659 43.504751
0.355597 85.789636 67.728014 107.410161 54.591828 126.351171 145.020692 44.787836
0.365301 86.036721 68.232828 107.242192 55.444322 125.855145 142.794321 45.877608
0.375179 86.220288 68.890629 107.139281 56.395317 125.406915 140.954329 46.858372
0.389844 86.613507 69.761637 107.282284 57.422801 124.391267 139.990483 48.329087
0.406502 87.176977 70.769650 107.554521 58.767667 124.193715 138.494120 49.980077
0.420589 87.861531 71.652573 107.954094 59.915846 124.407151 137.343238 51.601698
0.439570 88.823225 73.023889 108.922690 61.472837 124.530678 138.109023 53.508662
0.457001 89.854613 74.357218 109.730574 63.208256 125.158513 138.017265 55.412831
0.473133 90.793628 75.599682 110.845334 64.632139 126.180607 138.377154 57.234674
0.490454 91.985089 76.877126 112.173576 66.353796 127.492026 139.530407 59.237502
0.510880 93.702683 78.520347 113.860715 68.342697 129.636830 140.741912 61.440424
0.539178 96.102908 80.806925 116.472311 71.126853 132.381571 144.579428 64.087763
0.565883 98.598946 83.171196 119.309370 73.528290 136.202110 148.168775 66.723360
0.607109 102.508967 86.803003 123.836745 77.089844 142.004222 154.633836 69.394202
0.649600 106.825380 90.670361 129.089720 80.303009 148.127446 162.888389 71.049897
0.695474 112.204354 95.093424 135.417080 83.762381 155.854690 173.682594 73.062621
0.758398 119.511362 101.097567 144.689568 87.899096 167.564157 188.507646 75.198348
0.833637 128.242595 107.812892 155.038292 91.996950 182.055574 205.304795 78.187973
0.931462 139.434614 116.130442 169.035721 97.043217 201.968995 227.938538 80.711432
1.103051 158.506109 129.456820 193.759259 105.611242 235.589590 272.000035 85.225040
1.392944 188.760195 150.291419 235.809662 118.672631 294.601612 344.691849 93.034001
2.241006 266.665638 198.653905 353.238509 149.014234 470.743736 566.696689 111.083116
