0.048093 7.323660 1.500240
0.075948 7.755759 1.647501
0.129259 6.826505 1.318549
0.144782 8.574050 1.330902
0.165651 6.938513 1.301342
0.187034 7.029643 2.032694
0.199449 4.882836 1.402450
0.212686 6.376752 1.081406
0.222314 10.355313 1.576170
0.233465 8.633541 1.459404
0.250292 8.256311 1.332354
0.268387 6.733166 1.188210
0.287743 10.449588 1.759978
0.311572 7.656489 1.506169
0.332989 10.432818 1.509181
0.357895 6.851397 1.397223
0.373931 6.670480 1.463663
0.394220 7.241190 1.783866
0.432200 8.026832 1.434836
0.457987 7.365962 1.266476
0.502680 8.014086 1.443180
0.549321 7.661680 1.311556
0.616222 6.894323 1.198267
0.750626 8.299499 1.214110
0.880888 5.835890 1.047504
