0.038974 5497.212681 4582.694310 6408.217262 4180.880292 6789.343656 6860.346446 4124.096895
0.068347 13490.009196 11245.806187 15725.589461 10259.765605 16660.863181 16835.102079 10120.420705
0.085229 15910.870620 13263.932193 18547.638900 12100.940834 19650.752986 19856.260078 11936.589673
0.105952 17558.401884 14637.379535 20468.200991 13353.963300 21685.539810 21912.326653 13172.593983
0.119190 18799.273965 15671.819669 21914.711860 14297.702961 23218.081387 23460.895512 14103.516069
0.135517 21329.589314 17781.190804 24864.354059 16222.122879 26343.152484 26618.648526 16001.799122
0.145672 23666.298813 19729.164431 27588.305817 17999.296741 29229.110284 29534.787602 17754.835970
0.155720 26621.780743 22192.971274 31033.573704 20247.075183 32879.284227 33223.134974 19972.085794
0.171950 32765.005498 27314.206846 38194.860925 24919.277042 40466.486404 40889.683925 24580.831281
0.186713 39744.204543 33132.343710 46330.661083 30227.275374 49086.160320 49599.502180 29816.738054
0.196601 45085.759344 37585.275442 52557.424656 34289.770768 55683.258396 56265.592545 33824.057917
0.205876 50527.277097 42121.540253 58900.717162 38428.292534 62403.815919 63056.433494 37906.371586
0.214276 55774.489785 46495.824663 65017.504137 42419.036460 68884.396577 69604.787905 41842.914486
0.222959 61478.175765 51250.643295 71666.411697 46756.949087 75928.745499 76722.806455 46121.910953
0.234735 69597.398101 58019.148746 81131.161152 52931.986988 85956.407490 86855.337489 52213.081436
0.243539 75906.040650 63278.283145 88485.279399 57729.996603 93747.909248 94728.322581 56945.925998
0.254948 84318.187512 70290.982088 98291.497179 64127.816930 104137.348268 105226.414100 63256.853147
0.268364 94458.338199 78744.213488 110112.085620 71839.862766 116660.961913 117880.999388 70864.156409
0.281020 104178.272124 86847.135545 121442.818480 79232.314640 128665.585994 130011.167533 78156.206334
0.295467 115353.123286 96162.934260 134469.579181 87731.297252 142467.108556 143957.026079 86539.758445
0.307370 124553.985227 103833.137344 145195.218835 94728.971272 153830.651731 155439.408910 93442.392263
0.319871 134155.466548 111837.312617 156387.868986 102031.334553 165688.980685 167421.751977 100645.577149
0.334210 145032.452939 120904.799457 169067.402415 110303.777458 179122.624758 180995.884770 108805.666344
0.342310 151091.696405 125956.024898 176130.790867 114912.107727 186606.105673 188557.627744 113351.407724
0.355597 160870.021130 134107.623840 187529.591120 122348.968460 198682.845430 200760.665749 120687.263361
0.365301 167870.234743 139943.279280 195689.888405 127672.949328 207328.473432 209496.709516 125938.935600
0.375179 174861.981230 145771.876189 203840.315381 132990.490560 215963.644091 218222.186579 131184.255664
0.389844 184976.513477 154203.751042 215631.039863 140683.052407 228455.617629 230844.800869 138772.339562
0.406502 196059.171630 163442.694012 228550.329221 149111.918042 242143.277029 244675.605475 147086.727003
0.420589 205081.266974 170963.870177 239067.576866 155973.631933 253286.034157 255934.893283 153855.247261
0.439570 216720.058578 180666.428027 252635.162767 164825.462354 267660.547301 270459.734733 162586.854913
0.457001 226885.225106 189140.513624 264484.912704 172556.533875 280215.056811 283145.538995 170212.925459
0.473133 235850.440790 196614.272652 274935.854525 179374.988198 291287.564600 294333.842799 176938.773686
0.490454 245012.587899 204252.201517 285616.363479 186343.217827 302603.292944 305767.910752 183812.363018
0.510880 255219.911933 212761.431281 297515.257313 194106.352049 315209.869166 318506.326239 191470.060799
0.539178 268342.348005 223700.813947 312812.358996 204086.561573 331416.760415 334882.708759 201314.722265
0.565883 279707.903504 233175.591354 326061.427782 212730.583508 345453.812755 349066.560247 209841.343821
0.607109 295482.132692 246325.613835 344449.780872 224727.602318 364935.806464 368752.296168 221675.422905
0.649600 309737.001891 258209.037626 361066.983838 235569.078746 382541.311541 386541.919185 232369.653820
0.695474 323150.126686 269390.749929 376702.947523 245770.370267 399107.218486 403281.071978 242432.394617
0.758398 338743.128871 282389.694399 394880.040455 257629.557697 418365.387417 422740.642367 254130.514304
0.833637 353948.252608 295065.288026 412604.975265 269193.745925 437144.506286 441716.152800 265537.641375
0.931462 369448.752539 307987.118952 430674.236360 280982.581183 456288.430121 461060.283320 277166.364391
1.103051 388642.014000 323987.382209 453048.227789 295579.929556 479993.106563 485012.862686 291565.456182
1.392944 407793.348076 339952.693137 475373.343579 310145.390246 503646.000505 508913.118012 305933.093379
2.241006 429076.109154 357694.846068 500183.108971 326331.898121 529931.317681 535473.326390 321899.761210
