0.038974 3291.704449 849.914434
0.068347 1238.224488 319.708188
0.085229 1714.633183 442.716384
0.105952 1112.555171 287.260510
0.119190 1534.148359 396.115403
0.135517 1080.955954 279.101627
0.145672 1692.165933 436.915365
0.155720 1585.210286 409.299536
0.171950 876.491088 226.309026
0.186713 871.768028 225.089537
0.196601 1285.814997 331.996005
0.205876 1292.024035 333.599171
0.214276 1353.794165 349.548150
0.222959 1242.625419 320.844504
0.234735 900.273957 232.449736
0.243539 1138.516479 293.963691
0.254948 826.050036 213.285202
0.268364 683.505606 176.480389
0.281020 674.727436 174.213875
0.295467 571.757143 147.627060
0.307370 675.488249 174.410316
0.319871 598.939628 154.645547
0.334210 504.859832 130.354248
0.342310 882.311016 227.811725
0.355597 523.966614 135.287598
0.365301 675.715503 174.468993
0.375179 650.359373 167.922068
0.389844 420.368715 108.538736
0.406502 363.272155 93.796467
0.420589 406.147584 104.866855
0.439570 289.933402 74.860482
0.457001 302.777372 78.176781
0.473133 313.907454 81.050556
0.490454 286.119005 73.875610
0.510880 229.064794 59.144275
0.539178 158.839884 41.012282
0.565883 158.895055 41.026527
0.607109 95.472934 24.651006
0.649600 87.275675 22.534483
0.695474 75.284112 19.438274
0.758398 50.188976 12.958738
0.833637 38.169057 9.855208
0.931462 26.229672 6.772472
1.103051 12.627356 3.260369
1.392944 5.915176 1.527292
2.241006 1.256303 0.324376
