0.038974 9.106642 8.993852 9.217699 8.897136 9.312326 9.384069 8.838160
0.068347 22.351972 22.025854 22.663478 21.747199 22.931993 23.163956 21.560049
0.085229 26.366200 25.936390 26.764722 25.580245 27.107056 27.425262 25.320430
0.105952 29.092737 28.583272 29.561900 28.159381 29.980377 30.380336 27.828553
0.119190 31.147611 30.608708 31.652108 30.151664 32.086431 32.527925 29.793957
0.135517 35.330812 34.768391 35.870915 34.285456 36.337203 36.777686 33.909978
0.145672 39.195672 38.625866 39.746822 38.120074 40.235666 40.683993 37.732350
0.155720 44.088982 43.505447 44.655365 42.996418 45.164450 45.607356 42.595771
0.171950 54.265381 53.666674 54.846976 53.136257 55.382557 55.815686 52.704572
0.186713 65.824252 65.210347 66.431601 64.676367 66.972291 67.411097 64.230333
0.196601 74.675868 74.052736 75.285576 73.518480 75.843932 76.270225 73.047940
0.205876 83.689743 83.058717 84.309995 82.515799 84.877538 85.289715 82.035922
0.214276 92.382525 91.741206 93.008421 91.187767 93.593687 93.989076 90.706604
0.222959 101.829887 101.181570 102.459973 100.623056 103.065855 103.461809 100.134615
0.234735 115.276703 114.626379 115.917413 114.049845 116.537269 116.971910 113.561992
0.243539 125.724974 125.072822 126.375004 124.488895 126.997668 127.431019 124.008081
0.254948 139.663434 138.995719 140.319294 138.405900 140.944884 141.374530 137.935205
0.268364 156.459702 155.780609 157.125965 155.184427 157.762625 158.210136 154.715176
0.281020 172.564210 171.864847 173.234070 171.270367 173.873287 174.327388 170.801549
0.295467 191.078748 190.368635 191.752041 189.777790 192.398871 192.865217 189.279546
0.307370 206.318156 205.605207 207.001679 205.006135 207.657500 208.126590 204.496757
0.319871 222.221451 221.504480 222.911415 220.898725 223.577169 224.049391 220.391704
0.334210 240.237208 239.513685 240.938011 238.903377 241.607518 242.088815 238.399994
0.342310 250.271804 249.547391 250.981114 248.933620 251.652728 252.136434 248.432627
0.355597 266.467371 265.734860 267.179527 265.114794 267.860050 268.350038 264.624204
0.365301 278.066728 277.330281 278.779241 276.705592 279.463110 279.956404 276.205188
0.375179 289.646968 288.906693 290.366126 288.279001 291.053335 291.554501 287.772333
0.389844 306.400144 305.659651 307.130928 305.029095 307.815605 308.335133 304.506775
0.406502 324.760730 324.009096 325.494411 323.386828 326.191563 326.719362 322.844180
0.420589 339.707704 338.949365 340.443402 338.325388 341.145994 341.682604 337.773031
0.439570 358.988721 358.229000 359.729969 357.606825 360.432837 360.985575 357.043306
0.457001 375.828333 375.065929 376.577565 374.442300 377.281507 377.841614 373.879103
0.473133 390.677464 389.909579 391.430354 389.293141 392.139327 392.706356 388.728414
0.490454 405.856505 405.084805 406.611350 404.470775 407.324394 407.896205 403.904763
0.510880 422.763756 421.988690 423.523255 421.374958 424.247116 424.811459 420.811991
0.539178 444.503070 443.726843 445.271964 443.108225 445.993404 446.541317 442.532323
0.565883 463.330059 462.550553 464.108473 461.930165 464.832482 465.359965 461.352012
0.607109 489.464305 488.675434 490.244424 488.045868 490.968025 491.490476 487.474186
0.649600 513.076029 512.287750 513.868387 511.650464 514.585550 515.119502 511.077535
0.695474 535.299305 534.503933 536.098765 533.868918 536.823248 537.362760 533.288666
0.758398 561.128229 560.334273 561.932325 559.686734 562.652484 563.220619 559.111322
0.833637 586.313024 585.516972 587.127272 584.873091 587.853094 588.427818 584.293438
0.931462 611.993068 611.185127 612.816846 610.543856 613.534614 614.099450 609.966505
1.103051 643.792777 642.976277 644.633183 642.318861 645.331662 645.918773 641.761070
1.392944 675.517306 674.701825 676.373745 674.029901 677.083293 677.660400 673.479581
2.241006 710.774359 709.955334 711.638100 709.262158 712.364054 712.969440 708.710798
