0.054655 6.259075 0.919437
0.074963 7.136670 0.975596
0.092489 8.892789 1.209357
0.109302 6.026925 0.839405
0.122995 10.907536 1.425023
0.136207 7.613342 1.041852
0.151753 11.644058 1.550072
0.164238 9.367110 1.230498
0.178267 11.074924 1.451103
0.193538 9.010459 1.232906
0.205668 9.733304 1.292864
0.218261 6.676992 0.926573
0.230260 10.425655 1.391471
0.244664 9.107746 1.228983
0.256629 6.282205 0.859752
0.278803 9.367512 1.250501
0.297805 9.037269 1.194908
0.311321 9.483033 1.285969
0.338220 5.994799 0.850593
0.361017 7.881036 1.058001
0.385819 9.034409 1.227324
0.415623 9.043755 1.248564
0.463154 9.509025 1.271133
0.511079 11.595409 1.527968
0.597238 10.356277 1.365719
1.076207 8.386669 1.133202
1.359110 7.168135 0.974102
