0.033308 4514.634970 1165.673737
0.044072 5270.968774 1360.958285
0.052347 5765.924692 1488.755354
0.062064 4133.492062 1067.263061
0.073909 2840.088238 733.307630
0.080247 4879.674231 1259.926469
0.091492 2405.354628 621.059895
0.099989 2904.205646 749.862673
0.107993 2844.789616 734.521520
0.112655 4672.426110 1206.415234
0.121066 2402.949085 620.438786
0.127018 3225.119429 832.722256
0.133751 2700.470261 697.258423
0.139433 3058.669592 789.745093
0.147099 2140.678974 552.720934
0.153308 2525.571179 652.099674
0.159782 2315.568698 597.877267
0.165279 2780.523778 717.928152
0.173639 1731.678767 447.117535
0.180163 2127.006725 549.190775
0.187099 1914.358493 494.285237
0.192745 2273.489198 587.012387
0.198450 2174.043754 561.335684
0.204367 2024.375442 522.691492
0.211184 1690.362902 436.449825
0.218084 1606.236937 414.728594
0.222441 2482.118235 640.880172
0.226716 2469.227953 637.551916
0.233534 1576.370317 407.017066
0.240365 1518.226835 392.004483
0.248073 1291.678445 333.509940
0.254527 1490.460038 384.835127
0.261383 1354.763618 349.798462
0.271558 867.639899 224.023659
0.280852 954.330910 246.407181
0.287939 1206.942074 311.631104
0.293732 1431.680145 369.658224
0.301496 1029.613988 265.845189
0.308759 1116.553154 288.292785
0.315625 1138.662031 294.001272
0.325325 769.671747 198.728390
0.332024 1078.382213 278.437090
0.342124 714.891235 184.584123
0.351867 704.717646 181.957314
0.359976 851.234309 219.787753
0.368034 822.384459 212.338754
0.377067 702.105054 181.282745
0.389837 489.225374 126.317448
0.400269 590.021105 152.342794
0.412036 493.430103 127.403105
0.424863 442.867098 114.347793
0.438752 396.406030 102.351597
0.449146 519.666959 134.177432
0.465575 314.731278 81.263267
0.482420 302.736748 78.166292
0.497464 323.219894 83.455018
0.513958 287.921133 74.340917
0.531934 256.484279 66.223956
0.554545 191.904611 49.549558
0.577448 181.233252 46.794225
0.597863 196.474799 50.729575
0.629380 121.634109 31.405792
0.660237 119.089734 30.748837
0.695303 99.379819 25.659759
0.734963 82.688761 21.350146
0.783722 62.663949 16.179762
0.841442 49.170726 12.695827
0.908427 39.426269 10.179819
0.983485 32.386396 8.362131
1.067025 26.861651 6.935649
1.191773 16.070184 4.149304
1.352089 11.028086 2.847440
1.623735 5.415209 1.398201
