0.033308 31.502903 19.180505 56.598061 13.079611 113.185103 247.764093 9.392278
0.044072 37.600096 23.673230 63.406966 16.358771 117.332047 242.626992 11.860232
0.052347 43.039851 27.531494 69.988183 19.248962 123.810814 240.602643 14.048933
0.062064 49.971927 32.446758 78.984510 22.924710 133.916966 241.527629 16.780838
0.073909 58.104805 38.498813 89.729839 27.500018 144.622425 243.398197 20.388641
0.080247 62.138396 41.618801 94.705073 29.810583 151.012810 246.322152 22.327964
0.091492 68.395913 46.366486 101.879525 33.763255 157.105776 250.876910 25.629765
0.099989 72.190102 49.621695 106.131935 36.458446 161.456786 249.547709 27.992315
0.107993 75.267834 52.462841 109.553846 38.864470 163.978182 247.752846 29.978419
0.112655 76.930737 53.849734 111.160254 40.205590 165.505447 246.512916 31.043862
0.121066 79.314116 56.486459 113.707777 42.480709 167.939314 244.816132 32.856980
0.127018 80.872830 58.131333 115.435670 44.079503 169.461039 243.539574 34.090260
0.133751 82.666271 59.844756 117.196182 45.517183 170.008623 242.045913 35.447253
0.139433 83.968643 61.372564 118.569529 46.767434 170.796176 240.494714 36.568779
0.147099 85.753814 63.152815 120.271047 48.381904 171.349063 238.369329 37.762573
0.153308 87.057411 64.507361 121.500831 49.569114 171.682323 236.645375 38.662969
0.159782 88.501069 66.029312 122.702994 50.689897 172.431084 234.493592 39.933685
0.165279 89.686866 67.128253 123.628818 51.670919 173.175828 232.406388 41.003815
0.173639 91.173143 68.688472 124.994506 53.098599 173.843145 231.283474 42.585289
0.180163 92.313527 69.775287 125.848932 54.333349 174.444221 229.716227 43.793842
0.187099 93.374073 70.979794 126.644545 55.517058 173.465495 227.519189 45.065896
0.192745 94.374559 71.772240 127.146784 56.427795 173.638696 225.839595 46.097751
0.198450 95.364266 72.699000 128.021912 57.417202 173.656729 224.251348 47.142132
0.204367 96.321297 73.679687 128.603457 58.351800 173.583388 222.726605 48.132607
0.211184 97.350189 74.820906 129.548036 59.403140 173.700885 221.129591 49.263079
0.218084 98.546833 76.020788 130.411792 60.685760 174.262843 219.690054 50.421164
0.222441 99.273393 76.753240 130.899139 61.454772 173.975047 218.872801 51.161622
0.226716 100.106029 77.439810 131.549371 62.227055 174.509212 218.139236 51.896420
0.233534 101.424246 78.653949 132.523175 63.474365 174.653407 218.225069 53.086720
0.240365 102.491108 79.904718 133.770277 64.725615 175.170492 218.513031 54.160265
0.248073 103.882126 81.472075 135.017586 66.133692 175.905402 217.402941 55.376493
0.254527 105.148417 82.691970 136.363265 67.297085 176.546690 216.581459 56.469060
0.261383 106.580345 84.000020 137.739609 68.662840 177.377315 215.818196 57.591441
0.271558 108.843978 86.014873 139.873662 70.621726 178.705256 216.410617 60.144737
0.280852 110.847570 87.763559 142.060323 72.626078 180.226737 217.159361 62.000511
0.287939 112.515434 89.402637 143.818662 74.186762 181.307290 216.175997 63.648389
0.293732 113.971631 90.707173 145.278493 75.365764 182.337401 215.474313 64.928999
0.301496 115.906587 92.467328 147.242653 77.035779 183.756684 217.588433 66.593452
0.308759 117.516243 94.174595 149.039686 78.550444 185.449548 219.720662 68.069939
0.315625 119.217160 95.804184 150.927528 80.081182 187.053802 221.669478 69.726992
0.325325 121.532006 98.012645 153.967088 82.103044 188.759522 224.337189 72.117395
0.332024 123.269148 99.468649 155.688041 83.762005 190.189401 226.136016 73.675357
0.342124 125.719188 101.868069 158.087172 86.091098 192.555355 228.395605 75.573856
0.351867 128.098218 104.092558 160.924629 88.128311 194.641852 229.863088 77.703777
0.359976 130.107590 105.979537 163.074102 90.061738 196.547301 231.061744 79.575309
0.368034 132.177660 108.047313 165.373281 91.740327 198.770276 232.241890 81.456566
0.377067 134.608126 110.208945 168.011720 93.846245 201.189283 234.586307 83.592973
0.389837 138.068647 113.427719 171.627472 97.096149 204.066909 238.409699 86.667181
0.400269 140.786843 115.882989 175.036742 99.779212 206.854246 241.549664 89.214543
0.412036 144.040536 118.746339 178.652716 102.765743 210.314854 245.118504 91.653992
0.424863 147.627897 122.012951 182.630888 105.950296 213.635786 247.634923 94.785173
0.438752 151.748684 125.686509 186.934390 109.437844 218.339289 248.839678 98.466930
0.449146 154.730954 128.552117 190.295866 112.270348 221.548622 251.146268 101.180539
0.465575 159.426118 133.197429 195.722667 117.011335 226.947493 255.141971 105.719238
0.482420 164.666389 138.026039 201.622062 121.636218 232.313212 259.919039 110.185515
0.497464 169.510946 142.273700 207.095897 125.835119 237.468424 264.036167 114.171111
0.513958 174.844985 147.009512 213.496862 130.495818 244.329826 268.579601 118.846619
0.531934 180.928802 152.478239 220.664565 135.723507 250.644629 274.478670 123.886405
0.554545 188.694570 159.245017 229.404302 142.457561 260.433370 283.142196 130.482019
0.577448 196.592996 166.434357 238.767913 149.560528 270.447011 291.731287 137.067576
0.597863 204.093305 173.010626 247.789152 156.007714 279.448953 301.935787 142.577300
0.629380 215.406151 183.318711 261.382920 165.773811 293.752266 315.116890 152.799466
0.660237 225.983705 193.054847 274.804699 175.160524 307.685561 329.368810 160.943402
0.695303 238.104598 203.934949 289.399379 185.006775 323.698261 345.132212 167.557760
0.734963 252.042014 215.900479 305.675353 195.669377 342.408830 365.222321 177.046251
0.783722 268.881746 230.389773 325.835066 207.409406 364.368270 388.189917 187.312085
0.841442 289.213755 247.537104 349.162741 222.544412 391.441711 419.614755 201.766631
0.908427 311.926102 267.028757 375.788986 238.220887 424.667571 455.210246 214.018730
0.983485 337.741753 288.716233 407.175571 255.113388 460.286711 497.942566 225.822197
1.067025 365.891196 312.088151 441.502081 272.756258 502.415675 544.088602 237.197990
1.191773 407.169891 345.781554 491.804544 298.377608 564.596503 613.219606 255.853208
1.352089 461.230378 387.785500 558.432440 328.705403 645.617287 707.060001 278.271952
1.623735 550.420150 454.584161 671.463570 374.662275 789.080280 882.357487 312.552969
