0.033308 1421.258707 1177.103615 1656.994692 1076.337926 1748.305252 1764.122437 1059.620367
0.044072 2574.403238 2132.151834 3001.404657 1949.629458 3166.800443 3195.450971 1919.348034
0.052347 3605.141081 2985.821356 4203.105042 2730.220793 4434.721881 4474.843488 2687.815313
0.062064 4965.339175 4112.353835 5788.911350 3760.316714 6107.915833 6163.175081 3701.911900
0.073909 6869.488918 5689.393635 8008.891430 5202.354378 8450.230417 8526.680943 5121.551998
0.080247 8016.531197 6639.387895 9346.186997 6071.024594 9861.219163 9950.435120 5976.730126
0.091492 10300.954139 8531.374548 12009.513998 7801.048157 12671.311800 12785.951095 7679.883158
0.099989 12255.994602 10150.562657 14288.825750 9281.626034 15076.227594 15212.624529 9137.464867
0.107993 14287.783321 11833.314598 16657.615547 10820.326374 17575.552222 17734.560929 10652.266288
0.112655 15557.913892 12885.252066 18138.415351 11782.212974 19137.953168 19311.097155 11599.212973
0.121066 18012.188087 14917.911577 20999.765852 13640.867126 22156.981613 22357.439213 13428.998719
0.127018 19874.376359 16460.198380 23170.824555 15051.126816 24447.678951 24668.860840 14817.354414
0.133751 22103.972722 18306.776999 25770.231209 16739.629489 27190.328839 27436.323900 16479.631455
0.139433 24084.510760 19947.082507 28079.269670 18239.517014 29626.609466 29894.645931 17956.222897
0.147099 26895.551347 22275.220250 31356.561349 20368.355052 33084.499996 33383.820524 20051.996062
0.153308 29284.244165 24253.564473 34141.452870 22177.343564 36022.856102 36348.760388 21832.887570
0.159782 31875.300622 26399.508703 37162.272919 24139.584724 39210.141843 39564.881990 23764.651421
0.165279 34151.628193 28284.790673 39816.161817 25863.477556 42010.276280 42390.349672 25461.768945
0.173639 37738.596117 31255.560802 43998.079426 28579.935579 46422.643171 46842.635920 28136.035249
0.180163 40633.593852 33653.232868 47373.253740 30772.355470 49983.810269 50436.021442 30294.402721
0.187099 43795.475287 36271.941236 51059.578215 33166.889900 53873.273809 54360.673552 32651.745513
0.192745 46426.625920 38451.091947 54127.142631 35159.494907 57109.879818 57626.561630 34613.401604
0.198450 49132.952073 40692.503932 57282.351496 37209.031325 60438.960023 60985.760533 36631.104854
0.204367 51984.717960 43054.370860 60607.123345 39368.711168 63946.947171 64525.484977 38757.240793
0.211184 55320.279474 45816.923165 64495.935212 41894.775807 68050.056398 68665.715660 41244.070882
0.218084 58742.515785 48651.260583 68485.798124 44486.480411 72259.785202 72913.530524 43795.521423
0.222441 60923.640238 50457.694181 71028.693112 46138.274668 74942.809283 75620.828335 45421.660199
0.226716 63077.222356 52241.316885 73539.477477 47769.210754 77591.953250 78293.939513 47027.264769
0.233534 66533.251426 55103.641874 77568.738159 50386.507059 81843.250883 82583.699284 49603.909524
0.240365 70016.676208 57988.656323 81629.938521 53024.550497 86128.248267 86907.463695 52200.979169
0.248073 73963.359412 61257.346988 86231.235308 56013.425636 90983.104698 91806.242754 55143.431437
0.254527 77274.951156 64000.047241 90092.101679 58521.337654 95056.728461 95916.721214 57612.390849
0.261383 80793.080641 66913.804543 94193.763013 61185.663420 99384.416464 100283.562472 60235.334608
0.271558 86003.693156 71229.296719 100268.629777 65131.728863 105794.045607 106751.180509 64120.110208
0.280852 90737.744153 75150.094894 105787.890513 68716.887996 111617.451425 112627.271570 67649.585055
0.287939 94324.413557 78120.617784 109969.460087 71433.119945 116029.451102 117079.187283 70323.628796
0.293732 97237.587095 80533.343270 113365.824920 73639.304611 119612.976447 120695.133329 72495.547251
0.301496 101111.043848 83741.386905 117881.749608 76572.724395 124377.756253 125503.020827 75383.405490
0.308759 104698.230143 86712.337891 122063.921807 79289.347793 128790.391764 129955.578126 78057.834601
0.315625 108053.825203 89491.482221 125976.090070 81830.584101 132918.144467 134120.675238 80559.600713
0.325325 112729.611338 93364.024734 131427.421886 85371.618486 138669.878066 139924.445651 84045.636153
0.332024 115911.619293 95999.402129 135137.211151 87781.394994 142584.099449 143874.079592 86417.984284
0.342124 120630.794621 99907.880095 140639.128877 91355.288587 148389.206550 149731.706385 89936.368566
0.351867 125089.794584 103600.877683 145837.717449 94732.147951 153874.269204 155266.393239 93260.778931
0.359976 128727.768494 106613.891585 150079.101112 97487.233478 158349.379093 159781.990131 95973.072781
0.368034 132275.340425 109552.033477 154215.088341 100173.856397 162713.284559 164185.376517 98617.967377
0.377067 136169.960644 112777.604949 158755.686757 103123.303553 167504.097766 169019.532944 101521.604052
0.389837 141525.351515 117213.004308 164999.345429 107179.011551 174091.820285 175666.855596 105514.319252
0.400269 145768.185198 120726.970374 169945.913467 110392.165346 179310.974529 180933.228326 108677.566705
0.412036 150410.608868 124571.881690 175358.349179 113907.933897 185021.668610 186695.587929 112138.728737
0.424863 155297.998284 128619.676595 181056.381694 117609.218233 191033.697627 192762.008692 115782.525143
0.438752 160388.662131 132835.825836 186991.404596 121464.444971 197295.776654 199080.741705 119577.872934
0.449146 164063.112947 135879.050352 191275.315379 124247.154940 201815.757169 203641.615174 122317.362166
0.465575 169639.698957 140497.646194 197776.857552 128470.376928 208675.574149 210563.493967 126474.989547
0.482420 175071.600454 144996.412575 204109.717225 132584.027429 215357.413191 217305.784628 130524.747294
0.497464 179685.807260 148817.954345 209489.255906 136078.426979 221033.397412 223033.120346 133964.872224
0.513958 184498.870295 152804.191243 215100.633950 139723.422968 226953.996767 229007.284269 137553.254547
0.531934 189463.143409 156915.662153 220888.302418 143482.932340 233060.601227 235169.136113 141254.371645
0.554545 195314.183387 161761.564084 227709.820656 147914.001930 240258.026914 242431.678010 145616.618363
0.577448 200821.799598 166323.038306 234130.953406 152084.992182 247033.003420 249267.948764 149722.825265
0.597863 205400.557321 170115.220716 239469.163268 155552.545674 252665.381352 254951.283680 153136.521108
0.629380 211905.875809 175503.004007 247053.481420 160479.108992 260667.641901 263025.941904 157986.565602
0.660237 217672.995766 180279.402363 253777.160306 164846.624847 267761.836690 270184.318957 162286.245693
0.695303 223582.032644 185173.338026 260666.295055 169321.616253 275030.604971 277518.848897 166691.732038
0.734963 229536.574154 190104.961175 267608.482027 173831.068916 282355.348979 284909.860983 171131.144392
0.783722 235942.201918 195410.179403 275076.574328 178682.135136 290234.978922 292860.779142 175906.864399
0.841442 242428.409226 200782.134584 282638.611439 183594.225307 298213.730608 300911.715815 180742.660540
0.908427 248738.515123 206008.240449 289995.338212 188372.951560 305975.858100 308744.068461 185447.164158
0.983485 254572.363724 210839.904274 296796.813638 192791.001894 313152.136494 315985.271743 189796.593833
1.067025 259866.847835 215224.859918 302969.463296 196800.584401 319664.936967 322556.994517 193743.899957
1.191773 266024.196605 220324.450487 310148.095999 201463.625672 327239.156314 330199.738984 198334.515398
1.352089 271790.115868 225099.854414 316870.375039 205830.232224 334331.874116 337356.625688 202633.300311
1.623735 278185.593671 230396.666323 324326.633864 210673.611746 342199.018485 345294.945315 207401.453009
