0.033308 5.607794 5.602038 5.613923 5.597573 5.618349 5.621999 5.594200
0.044072 10.157721 10.149397 10.166754 10.142373 10.174065 10.180641 10.135682
0.052347 14.224873 14.214447 14.235847 14.205407 14.245720 14.254174 14.195649
0.062064 19.591872 19.578387 19.606015 19.566483 19.619222 19.630401 19.553339
0.073909 27.105388 27.086013 27.124843 27.069638 27.143237 27.157866 27.051813
0.080247 31.631476 31.607996 31.654933 31.588696 31.676600 31.691304 31.568090
0.091492 40.645573 40.613883 40.677524 40.587117 40.706319 40.726168 40.561492
0.099989 48.359767 48.320824 48.399801 48.288296 48.435193 48.458335 48.256841
0.107993 56.376931 56.329962 56.424875 56.290375 56.467725 56.494922 56.252691
0.112655 61.388506 61.336720 61.441539 61.293382 61.488546 61.519299 61.251163
0.121066 71.072626 71.011368 71.135567 70.960203 71.190343 71.227195 70.912765
0.127018 78.420228 78.352022 78.490913 78.294872 78.551526 78.593594 78.244017
0.133751 87.217645 87.140619 87.297598 87.077024 87.365523 87.412592 87.022029
0.139433 95.032569 94.947868 95.119944 94.878668 95.194796 95.247044 94.819794
0.147099 106.123806 106.029047 106.222024 105.952464 106.304954 106.366217 105.886877
0.153308 115.549052 115.445270 115.656298 115.361023 115.746486 115.813247 115.291045
0.159782 125.772846 125.660373 125.889044 125.568171 125.987389 126.060250 125.492218
0.165279 134.755026 134.634876 134.878881 134.535802 134.983533 135.062352 134.455889
0.173639 148.908329 148.776371 149.045128 148.667324 149.158786 149.246708 148.581341
0.180163 160.331742 160.190243 160.477991 160.072067 160.598962 160.693947 159.982505
0.187099 172.808019 172.656433 172.963595 172.528736 173.094223 173.195695 172.435408
0.192745 183.189559 183.030633 183.353924 182.895418 183.490478 183.598701 182.798598
0.198450 193.867827 193.700682 194.041370 193.559954 194.184826 194.298636 193.458387
0.204367 205.120168 204.945059 205.303080 204.797398 205.453619 205.573221 204.690809
0.211184 218.281672 218.098008 218.474309 217.941462 218.634227 218.761153 217.828722
0.218084 231.785836 231.592299 231.988192 231.428385 232.156402 232.290962 231.308654
0.222441 240.392142 240.193088 240.600513 240.024302 240.773223 240.913614 239.899390
0.226716 248.889819 248.685933 249.103718 248.511457 249.282198 249.427063 248.381832
0.233534 262.525736 262.314824 262.749449 262.131380 262.936186 263.088636 261.994870
0.240365 276.270310 276.051549 276.502368 275.861718 276.697916 276.857700 275.716522
0.248073 291.843225 291.615772 292.084835 291.418307 292.289557 292.455669 291.263845
0.254527 304.910241 304.676130 305.160329 304.470678 305.371838 305.542151 304.310005
0.261383 318.792245 318.550967 319.050382 318.338410 319.268531 319.443976 318.170497
0.271558 339.352332 339.101212 339.622175 338.877723 339.851020 340.032063 338.704360
0.280852 358.032249 357.771094 358.310247 357.541275 358.550496 358.737826 357.362990
0.287939 372.185665 371.917456 372.469312 371.680939 372.716017 372.907838 371.498593
0.293732 383.681048 383.406221 383.969690 383.167054 384.221156 384.416336 382.978984
0.301496 398.963686 398.683548 399.260251 398.437512 399.516440 399.717626 398.244315
0.308759 413.118572 412.831650 413.420172 412.580612 413.684664 413.887248 412.381214
0.315625 426.358167 426.066613 426.667187 425.812493 426.937670 427.143521 425.605551
0.325325 444.808059 444.510570 445.125127 444.248910 445.402189 445.614881 444.033554
0.332024 457.363171 457.062352 457.684818 456.793711 457.965081 458.184619 456.574884
0.342124 475.984445 475.678535 476.311026 475.405434 476.599040 476.825737 475.175484
0.351867 493.579070 493.265299 493.911307 492.989833 494.207455 494.438251 492.751466
0.359976 507.934191 507.616173 508.270335 507.338654 508.569940 508.807177 507.091834
0.368034 521.932061 521.609932 522.274612 521.329303 522.578671 522.818500 521.076375
0.377067 537.301086 536.972923 537.646176 536.687863 537.955197 538.199896 536.429573
0.389837 558.430528 558.097839 558.784311 557.813324 559.096820 559.349421 557.542356
0.400269 575.172453 574.836837 575.532737 574.547827 575.847656 576.103790 574.269871
0.412036 593.491801 593.151617 593.857874 592.856970 594.174830 594.432838 592.574445
0.424863 612.775023 612.431114 613.146881 612.135423 613.470811 613.727870 611.847121
0.438752 632.861976 632.514235 633.238921 632.216585 633.568652 633.824139 631.920065
0.449146 647.360272 647.008588 647.739863 646.708761 648.073489 648.328864 646.409209
0.465575 669.367168 669.005806 669.749015 668.703041 670.087727 670.344364 668.399824
0.482420 690.800527 690.435595 691.188851 690.127409 691.528231 691.789299 689.820980
0.497464 709.006634 708.638701 709.399625 708.329055 709.739309 710.005124 708.018323
0.513958 727.998863 727.627671 728.394459 727.316515 728.732730 729.005131 727.000958
0.531934 747.587699 747.214866 747.987272 746.898805 748.325691 748.600566 746.586678
0.554545 770.674430 770.298542 771.078498 769.984116 771.419377 771.696418 769.672430
0.577448 792.408800 792.028059 792.814153 791.713460 793.159028 793.434976 791.403312
0.597863 810.478780 810.091017 810.881123 809.771682 811.233956 811.506490 809.466578
0.629380 836.151014 835.761365 836.556594 835.432554 836.906434 837.180484 835.136933
0.660237 858.908547 858.511366 859.318907 858.181229 859.670785 859.938343 857.884086
0.695303 882.226965 881.823794 882.640723 881.493354 882.993391 883.250337 881.194472
0.734963 905.725097 905.313069 906.141861 904.986049 906.495712 906.740348 904.698403
0.783722 931.000675 930.581944 931.424486 930.256408 931.782904 932.022180 929.969474
0.841442 956.595991 956.169525 957.027904 955.840426 957.385808 957.608339 955.571273
0.908427 981.493800 981.062305 981.931864 980.727081 982.290321 982.498286 980.480196
0.983485 1004.511565 1004.073961 1004.960111 1003.734377 1005.317110 1005.526427 1003.499678
1.067025 1025.402986 1024.956608 1025.857559 1024.616171 1026.217063 1026.424605 1024.384615
1.191773 1049.697405 1049.245129 1050.161284 1048.896976 1050.524110 1050.730780 1048.678538
1.352089 1072.451171 1071.989985 1072.915989 1071.638701 1073.289134 1073.492508 1071.417065
1.623735 1097.689045 1097.212740 1098.162206 1096.857988 1098.545083 1098.745641 1096.647602
