# Radius [kpc], v_t [km/s], v_r [km/s], ansitropy
1.040263e-02 6.972637e+00 1.128865e+01 6.184862e-01
1.124032e-02 7.428262e+00 8.674628e+00 2.667151e-01
1.214547e-02 7.908017e+00 4.512333e+00 -2.071376e+00
1.312351e-02 5.701032e+00 8.578983e+00 5.583937e-01
1.418030e-02 7.458102e+00 9.307529e+00 3.579219e-01
1.532219e-02 6.718778e+00 5.427001e+00 -5.327128e-01
1.655604e-02 7.064578e+00 4.680993e+00 -1.277700e+00
1.788925e-02 8.166403e+00 7.690073e+00 -1.277187e-01
1.932981e-02 5.610265e+00 5.201128e+00 -1.635139e-01
2.088638e-02 7.392133e+00 7.330934e+00 -1.676577e-02
2.256829e-02 7.973714e+00 8.583643e+00 1.370652e-01
2.438564e-02 8.516040e+00 5.597884e+00 -1.314342e+00
2.634934e-02 6.845941e+00 6.757958e+00 -2.620771e-02
2.847117e-02 7.759816e+00 7.052518e+00 -2.106384e-01
3.076386e-02 6.958855e+00 5.636458e+00 -5.242740e-01
3.324117e-02 8.800150e+00 8.386264e+00 -1.011413e-01
3.591798e-02 8.335903e+00 7.818971e+00 -1.365957e-01
3.881033e-02 9.076750e+00 8.969731e+00 -2.400459e-02
4.193560e-02 8.372979e+00 7.917306e+00 -1.184207e-01
4.531254e-02 7.994255e+00 8.435187e+00 1.018135e-01
4.896142e-02 8.680122e+00 8.111142e+00 -1.452165e-01
5.290412e-02 8.978466e+00 8.149218e+00 -2.138707e-01
5.716432e-02 9.020314e+00 8.978171e+00 -9.409751e-03
6.176758e-02 9.046029e+00 8.781746e+00 -6.109503e-02
6.674152e-02 8.803170e+00 9.067593e+00 5.747218e-02
7.211600e-02 9.334906e+00 8.426717e+00 -2.271652e-01
7.792327e-02 9.298827e+00 9.004131e+00 -6.652902e-02
8.419818e-02 9.385083e+00 9.128924e+00 -5.690778e-02
9.097839e-02 9.668329e+00 9.543970e+00 -2.623018e-02
9.830459e-02 9.581109e+00 9.368471e+00 -4.590937e-02
1.062207e-01 1.019921e+01 9.746099e+00 -9.514408e-02
1.147744e-01 1.015067e+01 1.010454e+01 -9.150876e-03
1.240168e-01 1.040609e+01 1.010344e+01 -6.080867e-02
1.340034e-01 1.051392e+01 1.010032e+01 -8.357546e-02
1.447943e-01 1.040656e+01 1.026977e+01 -2.681585e-02
1.564541e-01 1.073553e+01 1.030898e+01 -8.446540e-02
1.690529e-01 1.078352e+01 1.058074e+01 -3.869729e-02
1.826661e-01 1.092321e+01 1.071844e+01 -3.857224e-02
1.973757e-01 1.115648e+01 1.099351e+01 -2.986809e-02
2.132697e-01 1.117316e+01 1.102615e+01 -2.684274e-02
2.304436e-01 1.141809e+01 1.131765e+01 -1.782804e-02
2.490005e-01 1.151626e+01 1.124623e+01 -4.859897e-02
2.690517e-01 1.174269e+01 1.149370e+01 -4.379643e-02
2.907175e-01 1.182392e+01 1.170281e+01 -2.080538e-02
3.141281e-01 1.204832e+01 1.187748e+01 -2.897389e-02
3.394238e-01 1.207022e+01 1.191205e+01 -2.673312e-02
3.667565e-01 1.221204e+01 1.217684e+01 -5.789703e-03
3.962902e-01 1.237996e+01 1.234749e+01 -5.265953e-03
4.282022e-01 1.259885e+01 1.264098e+01 6.654740e-03
4.626840e-01 1.267082e+01 1.280435e+01 2.074811e-02
4.999424e-01 1.270956e+01 1.288466e+01 2.699498e-02
5.402012e-01 1.281103e+01 1.311913e+01 4.641862e-02
5.837018e-01 1.304099e+01 1.331770e+01 4.112333e-02
6.307054e-01 1.310586e+01 1.347385e+01 5.387666e-02
6.814941e-01 1.313261e+01 1.357140e+01 6.361975e-02
7.363726e-01 1.313813e+01 1.381752e+01 9.591974e-02
7.956703e-01 1.322217e+01 1.375968e+01 7.660124e-02
8.597431e-01 1.322079e+01 1.385551e+01 8.952091e-02
9.289755e-01 1.317791e+01 1.388588e+01 9.937080e-02
1.003783e+00 1.312828e+01 1.389682e+01 1.075483e-01
1.084614e+00 1.310191e+01 1.393136e+01 1.155317e-01
1.171955e+00 1.303951e+01 1.390285e+01 1.203396e-01
1.266328e+00 1.303065e+01 1.398630e+01 1.319866e-01
1.368302e+00 1.304158e+01 1.405001e+01 1.383960e-01
1.478487e+00 1.301365e+01 1.403614e+01 1.403866e-01
1.597545e+00 1.302668e+01 1.409527e+01 1.458761e-01
1.726190e+00 1.298740e+01 1.405016e+01 1.455602e-01
1.865194e+00 1.300486e+01 1.405688e+01 1.440797e-01
2.015392e+00 1.290091e+01 1.395250e+01 1.450587e-01
2.177685e+00 1.277003e+01 1.387202e+01 1.525684e-01
2.353047e+00 1.266059e+01 1.374445e+01 1.514974e-01
2.542530e+00 1.256078e+01 1.372947e+01 1.629999e-01
2.747272e+00 1.240674e+01 1.353929e+01 1.603016e-01
2.968501e+00 1.228721e+01 1.344306e+01 1.645698e-01
3.207545e+00 1.223728e+01 1.343119e+01 1.698808e-01
3.465838e+00 1.226610e+01 1.337999e+01 1.595709e-01
3.744931e+00 1.215811e+01 1.317683e+01 1.486469e-01
4.046498e+00 1.190179e+01 1.301329e+01 1.635292e-01
4.372350e+00 1.170056e+01 1.284123e+01 1.697659e-01
4.724441e+00 1.159479e+01 1.268889e+01 1.650152e-01
5.104885e+00 1.155635e+01 1.256990e+01 1.547655e-01
5.515965e+00 1.146738e+01 1.234651e+01 1.373383e-01
5.960148e+00 1.112864e+01 1.192335e+01 1.288610e-01
6.440099e+00 1.102923e+01 1.164121e+01 1.023777e-01
6.958700e+00 1.069998e+01 1.129557e+01 1.026759e-01
7.519061e+00 1.060397e+01 1.119464e+01 1.027438e-01
8.124547e+00 1.065149e+01 1.111880e+01 8.229106e-02
8.778791e+00 1.054481e+01 1.102084e+01 8.452230e-02
9.485719e+00 1.079537e+01 1.107364e+01 4.962628e-02
1.024957e+01 1.044791e+01 1.079190e+01 6.273403e-02
1.107494e+01 1.016684e+01 1.038256e+01 4.112223e-02
1.196677e+01 9.666190e+00 1.009189e+01 8.258465e-02
1.293041e+01 9.376066e+00 9.990112e+00 1.191527e-01
1.397166e+01 9.576998e+00 9.760558e+00 3.725875e-02
1.509675e+01 8.839009e+00 9.280318e+00 9.284510e-02
1.631244e+01 7.813409e+00 9.120044e+00 2.660149e-01
1.762603e+01 8.032078e+00 9.404967e+00 2.706412e-01
1.904540e+01 8.661583e+00 9.586012e+00 1.835707e-01
2.057906e+01 8.328944e+00 9.244841e+00 1.883272e-01
2.223623e+01 7.971916e+00 8.724340e+00 1.650502e-01
