# Radius [kpc], v_t [km/s], v_r [km/s], ansitropy
1.041527e-02 1.020280e+01 9.152917e+00 -2.425654e-01
1.128031e-02 1.139524e+01 1.101437e+01 -7.035333e-02
1.221720e-02 1.234006e+01 1.015645e+01 -4.762176e-01
1.323190e-02 1.027835e+01 1.024417e+01 -6.686009e-03
1.433087e-02 1.194583e+01 9.752484e+00 -5.003829e-01
1.552112e-02 1.132719e+01 1.185902e+01 8.768154e-02
1.681022e-02 1.066756e+01 9.277722e+00 -3.220479e-01
1.820639e-02 9.849915e+00 9.618509e+00 -4.869547e-02
1.971852e-02 9.005290e+00 1.113118e+01 3.454949e-01
2.135624e-02 1.283322e+01 9.974073e+00 -6.554888e-01
2.312998e-02 9.970477e+00 1.282139e+01 3.952699e-01
2.505104e-02 1.115175e+01 1.053562e+01 -1.203817e-01
2.713165e-02 9.498221e+00 1.047410e+01 1.776606e-01
2.938507e-02 1.027738e+01 9.332126e+00 -2.128391e-01
3.182564e-02 1.085260e+01 1.083131e+01 -3.936465e-03
3.446892e-02 1.160510e+01 1.148622e+01 -2.080680e-02
3.733173e-02 1.125905e+01 1.190259e+01 1.052110e-01
4.043231e-02 1.157999e+01 1.167655e+01 1.647026e-02
4.379041e-02 1.215418e+01 1.132665e+01 -1.514598e-01
4.742742e-02 1.087604e+01 1.122361e+01 6.097645e-02
5.136650e-02 1.172136e+01 1.187884e+01 2.633931e-02
5.563274e-02 1.145200e+01 1.201355e+01 9.130104e-02
6.025331e-02 1.165805e+01 1.222192e+01 9.014462e-02
6.525764e-02 1.136661e+01 1.182676e+01 7.630061e-02
7.067760e-02 1.189044e+01 1.134641e+01 -9.819399e-02
7.654772e-02 1.128951e+01 1.177873e+01 8.134348e-02
8.290539e-02 1.152241e+01 1.169813e+01 2.981792e-02
8.979108e-02 1.218708e+01 1.243569e+01 3.958454e-02
9.724867e-02 1.216996e+01 1.237049e+01 3.215827e-02
1.053256e-01 1.197963e+01 1.223753e+01 4.170407e-02
1.140735e-01 1.216933e+01 1.242118e+01 4.014165e-02
1.235478e-01 1.214678e+01 1.247567e+01 5.202978e-02
1.338091e-01 1.235578e+01 1.275515e+01 6.164084e-02
1.449226e-01 1.249722e+01 1.284356e+01 5.320511e-02
1.569591e-01 1.241767e+01 1.309669e+01 1.010045e-01
1.699953e-01 1.263542e+01 1.324832e+01 9.038431e-02
1.841142e-01 1.288933e+01 1.351543e+01 9.050435e-02
1.994058e-01 1.295821e+01 1.340984e+01 6.622377e-02
2.159675e-01 1.292045e+01 1.368674e+01 1.088409e-01
2.339046e-01 1.321933e+01 1.394103e+01 1.008562e-01
2.533315e-01 1.333294e+01 1.398047e+01 9.048861e-02
2.743719e-01 1.328723e+01 1.404051e+01 1.044230e-01
2.971599e-01 1.367588e+01 1.423677e+01 7.724136e-02
3.218404e-01 1.362784e+01 1.444606e+01 1.100710e-01
3.485709e-01 1.374763e+01 1.455372e+01 1.077062e-01
3.775214e-01 1.404540e+01 1.457728e+01 7.164271e-02
4.088764e-01 1.397809e+01 1.490673e+01 1.207122e-01
4.428355e-01 1.411220e+01 1.504151e+01 1.197478e-01
4.796152e-01 1.421815e+01 1.503555e+01 1.057728e-01
5.194496e-01 1.437555e+01 1.527336e+01 1.141097e-01
5.625924e-01 1.455418e+01 1.538831e+01 1.054722e-01
6.093184e-01 1.455367e+01 1.549480e+01 1.177880e-01
6.599253e-01 1.469628e+01 1.561046e+01 1.136947e-01
7.147353e-01 1.472875e+01 1.565054e+01 1.143279e-01
7.740976e-01 1.476652e+01 1.570199e+01 1.156038e-01
8.383902e-01 1.480230e+01 1.575602e+01 1.173969e-01
9.080226e-01 1.482939e+01 1.577324e+01 1.160959e-01
9.834383e-01 1.489855e+01 1.584364e+01 1.157444e-01
1.065118e+00 1.498482e+01 1.597019e+01 1.195947e-01
1.153581e+00 1.500075e+01 1.611288e+01 1.332781e-01
1.249391e+00 1.508170e+01 1.613419e+01 1.262119e-01
1.353159e+00 1.508493e+01 1.620146e+01 1.330813e-01
1.465546e+00 1.513599e+01 1.634258e+01 1.422109e-01
1.587267e+00 1.512131e+01 1.635091e+01 1.447467e-01
1.719097e+00 1.528407e+01 1.643863e+01 1.355361e-01
1.861876e+00 1.527251e+01 1.651942e+01 1.452649e-01
2.016514e+00 1.529262e+01 1.660226e+01 1.515432e-01
2.183995e+00 1.545193e+01 1.666379e+01 1.401594e-01
2.365387e+00 1.554087e+01 1.666459e+01 1.303169e-01
2.561844e+00 1.544314e+01 1.660066e+01 1.345931e-01
2.774617e+00 1.536822e+01 1.637399e+01 1.190774e-01
3.005063e+00 1.533621e+01 1.615744e+01 9.907098e-02
3.254648e+00 1.530889e+01 1.625298e+01 1.128008e-01
3.524963e+00 1.521943e+01 1.618827e+01 1.161154e-01
3.817728e+00 1.509037e+01 1.607878e+01 1.191674e-01
4.134809e+00 1.494554e+01 1.592353e+01 1.190635e-01
4.478225e+00 1.472319e+01 1.562575e+01 1.121857e-01
4.850163e+00 1.452637e+01 1.537191e+01 1.069857e-01
5.252993e+00 1.440312e+01 1.513187e+01 9.399997e-02
5.689280e+00 1.419313e+01 1.489808e+01 9.239756e-02
6.161802e+00 1.400419e+01 1.469116e+01 9.133450e-02
6.673570e+00 1.385630e+01 1.439506e+01 7.345217e-02
7.227842e+00 1.376514e+01 1.395730e+01 2.734609e-02
7.828150e+00 1.354649e+01 1.380129e+01 3.658303e-02
8.478316e+00 1.347594e+01 1.362636e+01 2.195640e-02
9.182481e+00 1.341083e+01 1.354131e+01 1.917878e-02
9.945131e+00 1.319121e+01 1.325465e+01 9.549461e-03
1.077112e+01 1.281504e+01 1.281782e+01 4.341138e-04
1.166572e+01 1.256116e+01 1.266078e+01 1.567572e-02
1.263461e+01 1.248116e+01 1.257652e+01 1.510812e-02
1.368398e+01 1.242902e+01 1.241845e+01 -1.703165e-03
1.482050e+01 1.211590e+01 1.205542e+01 -1.005825e-02
1.605141e+01 1.227040e+01 1.185642e+01 -7.105083e-02
1.738456e+01 1.199486e+01 1.180231e+01 -3.289656e-02
1.882843e+01 1.181422e+01 1.171596e+01 -1.684425e-02
2.039223e+01 1.182532e+01 1.189866e+01 1.229024e-02
2.208590e+01 1.188811e+01 1.210265e+01 3.513909e-02
2.392024e+01 1.158211e+01 1.181378e+01 3.883545e-02
2.590694e+01 1.195025e+01 1.265849e+01 1.087691e-01
2.805863e+01 1.292382e+01 1.353068e+01 8.768987e-02
