# Radius [kpc], v_t [km/s], v_r [km/s], ansitropy
1.041884e-02 1.943700e+00 7.058658e+00 9.241747e-01
1.129162e-02 9.170524e+00 3.747277e+00 -4.989035e+00
1.223751e-02 8.435843e+00 7.379007e+00 -3.069568e-01
1.326263e-02 8.221122e+00 7.094145e+00 -3.429568e-01
1.437363e-02 6.714493e+00 8.142511e+00 3.199986e-01
1.557769e-02 8.481187e+00 7.510106e+00 -2.753259e-01
1.688262e-02 9.376243e+00 7.250208e+00 -6.724640e-01
1.829685e-02 8.648595e+00 1.123640e+01 4.075704e-01
1.982956e-02 9.344056e+00 9.081511e+00 -5.865558e-02
2.149066e-02 9.889486e+00 9.064458e+00 -1.903202e-01
2.329091e-02 1.105792e+01 1.179423e+01 1.209617e-01
2.524197e-02 8.746746e+00 9.394957e+00 1.332308e-01
2.735646e-02 8.236971e+00 9.581480e+00 2.609568e-01
2.964808e-02 1.026301e+01 1.180114e+01 2.436859e-01
3.213167e-02 8.976172e+00 1.072510e+01 2.995463e-01
3.482330e-02 9.154254e+00 9.407046e+00 5.302323e-02
3.774041e-02 1.025431e+01 9.583283e+00 -1.449434e-01
4.090189e-02 9.865199e+00 9.885303e+00 4.063285e-03
4.432820e-02 1.043529e+01 1.112327e+01 1.198766e-01
4.804152e-02 9.921179e+00 1.125245e+01 2.226220e-01
5.206591e-02 1.037497e+01 1.060654e+01 4.318895e-02
5.642741e-02 9.658483e+00 1.052914e+01 1.585430e-01
6.115428e-02 1.046810e+01 1.057532e+01 2.017488e-02
6.627710e-02 1.087780e+01 1.162353e+01 1.241978e-01
7.182907e-02 1.093656e+01 1.100537e+01 1.246585e-02
7.784611e-02 1.148458e+01 1.123457e+01 -4.500251e-02
8.436719e-02 1.144947e+01 1.175624e+01 5.150661e-02
9.143454e-02 1.107376e+01 1.174039e+01 1.103388e-01
9.909392e-02 1.145986e+01 1.228895e+01 1.303804e-01
1.073949e-01 1.165313e+01 1.234149e+01 1.084426e-01
1.163913e-01 1.178086e+01 1.303722e+01 1.834473e-01
1.261412e-01 1.214614e+01 1.280114e+01 9.971650e-02
1.367079e-01 1.259998e+01 1.312006e+01 7.771003e-02
1.481598e-01 1.251295e+01 1.316737e+01 9.693031e-02
1.605710e-01 1.262850e+01 1.344587e+01 1.178835e-01
1.740219e-01 1.284273e+01 1.405223e+01 1.647353e-01
1.885995e-01 1.319864e+01 1.408980e+01 1.224976e-01
2.043983e-01 1.344882e+01 1.414671e+01 9.623080e-02
2.215205e-01 1.366378e+01 1.428932e+01 8.563728e-02
2.400770e-01 1.367523e+01 1.486064e+01 1.531738e-01
2.601880e-01 1.413094e+01 1.509037e+01 1.231152e-01
2.819837e-01 1.406730e+01 1.537275e+01 1.626275e-01
3.056052e-01 1.467666e+01 1.589803e+01 1.477487e-01
3.312054e-01 1.460292e+01 1.583147e+01 1.491811e-01
3.589501e-01 1.513305e+01 1.625843e+01 1.336448e-01
3.890190e-01 1.523546e+01 1.626816e+01 1.229300e-01
4.216067e-01 1.546791e+01 1.666433e+01 1.384351e-01
4.569242e-01 1.549173e+01 1.685703e+01 1.554255e-01
4.952003e-01 1.580161e+01 1.716971e+01 1.530128e-01
5.366827e-01 1.583924e+01 1.725595e+01 1.574598e-01
5.816400e-01 1.609500e+01 1.741901e+01 1.462422e-01
6.303633e-01 1.615828e+01 1.752653e+01 1.500399e-01
6.831682e-01 1.620119e+01 1.783373e+01 1.747049e-01
7.403965e-01 1.642834e+01 1.777166e+01 1.454623e-01
8.024187e-01 1.648415e+01 1.792464e+01 1.542694e-01
8.696364e-01 1.664335e+01 1.813632e+01 1.578618e-01
9.424849e-01 1.672960e+01 1.823245e+01 1.580605e-01
1.021436e+00 1.682941e+01 1.844304e+01 1.673301e-01
1.107000e+00 1.695686e+01 1.856821e+01 1.660296e-01
1.199733e+00 1.699071e+01 1.867176e+01 1.719580e-01
1.300233e+00 1.715873e+01 1.874830e+01 1.623810e-01
1.409152e+00 1.722896e+01 1.890936e+01 1.698349e-01
1.527195e+00 1.725244e+01 1.901117e+01 1.764627e-01
1.655127e+00 1.731314e+01 1.912843e+01 1.807940e-01
1.793775e+00 1.729985e+01 1.912859e+01 1.820649e-01
1.944038e+00 1.724226e+01 1.916431e+01 1.905274e-01
2.106888e+00 1.724725e+01 1.918011e+01 1.913922e-01
2.283379e+00 1.726525e+01 1.912178e+01 1.847537e-01
2.474656e+00 1.711458e+01 1.902965e+01 1.911447e-01
2.681955e+00 1.705709e+01 1.888799e+01 1.844734e-01
2.906619e+00 1.693999e+01 1.873028e+01 1.820299e-01
3.150104e+00 1.684973e+01 1.856882e+01 1.765879e-01
3.413984e+00 1.676184e+01 1.836179e+01 1.666773e-01
3.699970e+00 1.656970e+01 1.823678e+01 1.744694e-01
4.009913e+00 1.634486e+01 1.796957e+01 1.726542e-01
4.345819e+00 1.625535e+01 1.769964e+01 1.565420e-01
4.709863e+00 1.618018e+01 1.764606e+01 1.592417e-01
5.104403e+00 1.616411e+01 1.756010e+01 1.526760e-01
5.531994e+00 1.604553e+01 1.735961e+01 1.456650e-01
5.995403e+00 1.577020e+01 1.728547e+01 1.676393e-01
6.497631e+00 1.559383e+01 1.658786e+01 1.162594e-01
7.041931e+00 1.532356e+01 1.615112e+01 9.985141e-02
7.631826e+00 1.507256e+01 1.571411e+01 7.998657e-02
8.271136e+00 1.494620e+01 1.535335e+01 5.233482e-02
8.964000e+00 1.485127e+01 1.502283e+01 2.271030e-02
9.714905e+00 1.463272e+01 1.472909e+01 1.304322e-02
1.052871e+01 1.425317e+01 1.430705e+01 7.517956e-03
1.141069e+01 1.396605e+01 1.389577e+01 -1.014071e-02
1.236655e+01 1.366941e+01 1.350567e+01 -2.439413e-02
1.340248e+01 1.347558e+01 1.328293e+01 -2.921682e-02
1.452520e+01 1.351091e+01 1.326251e+01 -3.780948e-02
1.574196e+01 1.333232e+01 1.293502e+01 -6.237442e-02
1.706064e+01 1.293106e+01 1.284950e+01 -1.273406e-02
1.848980e+01 1.243078e+01 1.234477e+01 -1.398208e-02
2.003867e+01 1.235135e+01 1.199272e+01 -6.070099e-02
2.171728e+01 1.231540e+01 1.207716e+01 -3.984236e-02
2.353652e+01 1.222414e+01 1.199684e+01 -3.825290e-02
2.550814e+01 1.209627e+01 1.195621e+01 -2.356677e-02
2.764493e+01 1.181593e+01 1.178556e+01 -5.161111e-03
2.996072e+01 1.113930e+01 1.117600e+01 6.557209e-03
