# Radius [kpc], v_t [km/s], v_r [km/s], ansitropy
1.040735e-02 6.474959e+00 7.295296e+00 2.122503e-01
1.125523e-02 8.242075e+00 7.446905e+00 -2.249591e-01
1.217219e-02 8.623634e+00 9.872399e+00 2.369812e-01
1.316385e-02 1.035097e+01 1.214149e+01 2.731941e-01
1.423630e-02 9.513505e+00 1.035871e+01 1.565295e-01
1.539613e-02 6.812965e+00 6.143407e+00 -2.298548e-01
1.665044e-02 1.082666e+01 9.745769e+00 -2.341192e-01
1.800694e-02 7.151165e+00 5.746071e+00 -5.488583e-01
1.947396e-02 8.777392e+00 8.430090e+00 -8.409306e-02
2.106049e-02 9.010908e+00 8.251987e+00 -1.923946e-01
2.277628e-02 7.956666e+00 7.568318e+00 -1.052574e-01
2.463186e-02 8.166756e+00 8.339779e+00 4.106307e-02
2.663860e-02 9.485987e+00 9.726487e+00 4.884122e-02
2.880883e-02 8.885072e+00 9.738253e+00 1.675469e-01
3.115588e-02 9.321345e+00 9.088956e+00 -5.179032e-02
3.369413e-02 8.837389e+00 9.279041e+00 9.292804e-02
3.643917e-02 9.487357e+00 9.697888e+00 4.294658e-02
3.940785e-02 9.490163e+00 1.005812e+01 1.097470e-01
4.261839e-02 1.074770e+01 1.112047e+01 6.591838e-02
4.609049e-02 1.004935e+01 1.080832e+01 1.355118e-01
4.984546e-02 1.032469e+01 1.042207e+01 1.860005e-02
5.390635e-02 1.138304e+01 1.121417e+01 -3.034373e-02
5.829807e-02 1.075782e+01 1.128318e+01 9.095491e-02
6.304759e-02 1.121541e+01 1.175240e+01 8.929669e-02
6.818404e-02 1.118364e+01 1.131990e+01 2.393021e-02
7.373896e-02 1.154071e+01 1.187387e+01 5.533079e-02
7.974644e-02 1.153567e+01 1.207131e+01 8.677716e-02
8.624334e-02 1.215402e+01 1.204308e+01 -1.850774e-02
9.326955e-02 1.246633e+01 1.266456e+01 3.105998e-02
1.008682e-01 1.271766e+01 1.308388e+01 5.519713e-02
1.090858e-01 1.302397e+01 1.329996e+01 4.107098e-02
1.179730e-01 1.317549e+01 1.352398e+01 5.087175e-02
1.275842e-01 1.302427e+01 1.348664e+01 6.739094e-02
1.379784e-01 1.359084e+01 1.380169e+01 3.032036e-02
1.492195e-01 1.367135e+01 1.400401e+01 4.694567e-02
1.613763e-01 1.373037e+01 1.427169e+01 7.442090e-02
1.745236e-01 1.399518e+01 1.445531e+01 6.264946e-02
1.887419e-01 1.430270e+01 1.471640e+01 5.543314e-02
2.041186e-01 1.412728e+01 1.466885e+01 7.247528e-02
2.207481e-01 1.441189e+01 1.490125e+01 6.460234e-02
2.387323e-01 1.452635e+01 1.514212e+01 7.967816e-02
2.581817e-01 1.448197e+01 1.524237e+01 9.728545e-02
2.792157e-01 1.460787e+01 1.543764e+01 1.046107e-01
3.019632e-01 1.488039e+01 1.558743e+01 8.866150e-02
3.265640e-01 1.487363e+01 1.569278e+01 1.016728e-01
3.531690e-01 1.504340e+01 1.613206e+01 1.304152e-01
3.819415e-01 1.529855e+01 1.636415e+01 1.259953e-01
4.130581e-01 1.556323e+01 1.649709e+01 1.100107e-01
4.467097e-01 1.568586e+01 1.675178e+01 1.232109e-01
4.831030e-01 1.583668e+01 1.713670e+01 1.459688e-01
5.224611e-01 1.599905e+01 1.738529e+01 1.531149e-01
5.650258e-01 1.628688e+01 1.771696e+01 1.549204e-01
6.110582e-01 1.637131e+01 1.795819e+01 1.689221e-01
6.608408e-01 1.650908e+01 1.801285e+01 1.599966e-01
7.146791e-01 1.640186e+01 1.819786e+01 1.876454e-01
7.729037e-01 1.667050e+01 1.832564e+01 1.724784e-01
8.358718e-01 1.655577e+01 1.835542e+01 1.864771e-01
9.039698e-01 1.656893e+01 1.842592e+01 1.914059e-01
9.776158e-01 1.643363e+01 1.841897e+01 2.039573e-01
1.057262e+00 1.633774e+01 1.828442e+01 2.015981e-01
1.143396e+00 1.637064e+01 1.832284e+01 2.017372e-01
1.236548e+00 1.627189e+01 1.820978e+01 2.015146e-01
1.337289e+00 1.619427e+01 1.815028e+01 2.039209e-01
1.446237e+00 1.605339e+01 1.812473e+01 2.155046e-01
1.564062e+00 1.606751e+01 1.813516e+01 2.150281e-01
1.691485e+00 1.605652e+01 1.811053e+01 2.139678e-01
1.829290e+00 1.607588e+01 1.815918e+01 2.162868e-01
1.978321e+00 1.600762e+01 1.819333e+01 2.258433e-01
2.139494e+00 1.588388e+01 1.821605e+01 2.396657e-01
2.313797e+00 1.581830e+01 1.814958e+01 2.403970e-01
2.502301e+00 1.570401e+01 1.818850e+01 2.545346e-01
2.706162e+00 1.552964e+01 1.812893e+01 2.661986e-01
2.926632e+00 1.535541e+01 1.800642e+01 2.727763e-01
3.165063e+00 1.512921e+01 1.779292e+01 2.770008e-01
3.422919e+00 1.488654e+01 1.750506e+01 2.767969e-01
3.701783e+00 1.459970e+01 1.723049e+01 2.820532e-01
4.003365e+00 1.430451e+01 1.695928e+01 2.885718e-01
4.329518e+00 1.396293e+01 1.674030e+01 3.042926e-01
4.682241e+00 1.366465e+01 1.658813e+01 3.214180e-01
5.063701e+00 1.361916e+01 1.610938e+01 2.852690e-01
5.476238e+00 1.292889e+01 1.569041e+01 3.210254e-01
5.922385e+00 1.245822e+01 1.518387e+01 3.267958e-01
6.404879e+00 1.220546e+01 1.485798e+01 3.251789e-01
6.926681e+00 1.202715e+01 1.452596e+01 3.144558e-01
7.490994e+00 1.157638e+01 1.432106e+01 3.465760e-01
8.101282e+00 1.129760e+01 1.404900e+01 3.533311e-01
8.761289e+00 1.128256e+01 1.390242e+01 3.413801e-01
9.475067e+00 1.103673e+01 1.353962e+01 3.355418e-01
1.024700e+01 1.089713e+01 1.341290e+01 3.399460e-01
1.108181e+01 1.077867e+01 1.327942e+01 3.411728e-01
1.198464e+01 1.017007e+01 1.283323e+01 3.719766e-01
1.296103e+01 9.782767e+00 1.263066e+01 4.001106e-01
1.401696e+01 9.664523e+00 1.235123e+01 3.877334e-01
1.515891e+01 9.232692e+00 1.171344e+01 3.787192e-01
1.639390e+01 8.716527e+00 1.093194e+01 3.642406e-01
1.772950e+01 8.366424e+00 1.032338e+01 3.431963e-01
1.917392e+01 8.179032e+00 9.978593e+00 3.281611e-01
2.073600e+01 7.926529e+00 9.706281e+00 3.331006e-01
2.242536e+01 7.866230e+00 9.404014e+00 3.003084e-01
2.425234e+01 7.512894e+00 9.097944e+00 3.180886e-01
