# Radius [kpc], v_t [km/s], v_r [km/s], ansitropy
1.042377e-02 1.306810e+01 9.042250e+00 -1.088679e+00
1.130723e-02 6.942976e+00 7.794641e+00 2.065874e-01
1.226556e-02 7.552351e+00 6.206084e+00 -4.809112e-01
1.330511e-02 7.867093e+00 8.145992e+00 6.730276e-02
1.443277e-02 9.815892e+00 7.521829e+00 -7.029919e-01
1.565601e-02 1.086054e+01 1.131249e+01 7.830792e-02
1.698292e-02 8.080803e+00 7.994265e+00 -2.176733e-02
1.842229e-02 9.126281e+00 1.040392e+01 2.305267e-01
1.998365e-02 9.208449e+00 9.439298e+00 4.831417e-02
2.167734e-02 8.034723e+00 9.078234e+00 2.166803e-01
2.351459e-02 9.784925e+00 9.945003e+00 3.193355e-02
2.550754e-02 8.974731e+00 9.690723e+00 1.423098e-01
2.766941e-02 9.594755e+00 1.055622e+01 1.738648e-01
3.001450e-02 9.425630e+00 1.078883e+01 2.367405e-01
3.255835e-02 9.964496e+00 9.977241e+00 2.553055e-03
3.531779e-02 1.081418e+01 1.080970e+01 -8.285418e-04
3.831112e-02 9.628360e+00 1.043057e+01 1.479043e-01
4.155814e-02 9.685652e+00 1.020146e+01 9.856752e-02
4.508036e-02 1.055623e+01 1.110518e+01 9.642179e-02
4.890109e-02 1.041979e+01 1.098244e+01 9.983837e-02
5.304566e-02 1.101109e+01 1.146176e+01 7.709200e-02
5.754149e-02 1.109688e+01 1.145060e+01 6.082652e-02
6.241836e-02 1.179314e+01 1.214719e+01 5.744313e-02
6.770856e-02 1.141752e+01 1.252111e+01 1.685073e-01
7.344713e-02 1.212045e+01 1.252755e+01 6.393676e-02
7.967207e-02 1.197321e+01 1.304975e+01 1.581836e-01
8.642459e-02 1.233844e+01 1.307046e+01 1.088740e-01
9.374942e-02 1.254792e+01 1.340245e+01 1.234535e-01
1.016951e-01 1.276749e+01 1.389327e+01 1.554951e-01
1.103141e-01 1.347309e+01 1.419703e+01 9.938394e-02
1.196637e-01 1.366053e+01 1.413663e+01 6.622304e-02
1.298056e-01 1.384536e+01 1.475058e+01 1.189700e-01
1.408072e-01 1.402917e+01 1.513727e+01 1.410480e-01
1.527412e-01 1.418750e+01 1.480556e+01 8.174856e-02
1.656866e-01 1.474649e+01 1.539292e+01 8.222642e-02
1.797292e-01 1.479597e+01 1.550911e+01 8.984944e-02
1.949619e-01 1.509130e+01 1.586439e+01 9.508801e-02
2.114857e-01 1.501854e+01 1.596803e+01 1.153878e-01
2.294100e-01 1.529493e+01 1.611904e+01 9.963849e-02
2.488534e-01 1.564810e+01 1.655230e+01 1.062700e-01
2.699447e-01 1.590589e+01 1.669900e+01 9.273325e-02
2.928236e-01 1.583764e+01 1.679716e+01 1.109853e-01
3.176416e-01 1.604371e+01 1.702286e+01 1.117306e-01
3.445630e-01 1.614321e+01 1.720474e+01 1.195925e-01
3.737661e-01 1.641301e+01 1.737238e+01 1.073977e-01
4.054442e-01 1.662907e+01 1.756773e+01 1.040075e-01
4.398072e-01 1.682076e+01 1.781057e+01 1.080602e-01
4.770826e-01 1.670829e+01 1.791313e+01 1.299959e-01
5.175173e-01 1.700621e+01 1.799393e+01 1.067703e-01
5.613789e-01 1.703679e+01 1.828761e+01 1.321157e-01
6.089580e-01 1.700372e+01 1.825124e+01 1.320333e-01
6.605696e-01 1.725382e+01 1.841315e+01 1.219599e-01
7.165555e-01 1.733519e+01 1.856817e+01 1.283957e-01
7.772865e-01 1.740664e+01 1.869621e+01 1.331921e-01
8.431646e-01 1.743190e+01 1.877197e+01 1.376776e-01
9.146261e-01 1.757016e+01 1.906582e+01 1.507403e-01
9.921443e-01 1.766260e+01 1.917000e+01 1.510827e-01
1.076233e+00 1.777314e+01 1.934139e+01 1.555902e-01
1.167448e+00 1.777585e+01 1.946394e+01 1.659365e-01
1.266393e+00 1.786434e+01 1.963368e+01 1.721139e-01
1.373725e+00 1.792106e+01 1.972507e+01 1.745507e-01
1.490154e+00 1.789547e+01 1.978343e+01 1.817555e-01
1.616450e+00 1.792239e+01 1.992967e+01 1.912920e-01
1.753451e+00 1.787428e+01 1.997631e+01 1.993801e-01
1.902063e+00 1.791592e+01 2.000000e+01 1.975490e-01
2.063270e+00 1.782258e+01 1.994292e+01 2.013370e-01
2.238141e+00 1.769533e+01 1.988732e+01 2.082921e-01
2.427832e+00 1.759022e+01 1.968646e+01 2.016243e-01
2.633600e+00 1.754864e+01 1.965592e+01 2.029232e-01
2.856808e+00 1.743476e+01 1.945957e+01 1.972770e-01
3.098934e+00 1.731478e+01 1.931768e+01 1.966144e-01
3.361581e+00 1.718718e+01 1.912859e+01 1.926848e-01
3.646489e+00 1.705805e+01 1.890971e+01 1.862536e-01
3.955543e+00 1.685494e+01 1.871057e+01 1.885150e-01
4.290791e+00 1.665991e+01 1.843664e+01 1.834520e-01
4.654453e+00 1.652688e+01 1.811412e+01 1.675712e-01
5.048936e+00 1.624784e+01 1.775902e+01 1.629463e-01
5.476854e+00 1.611584e+01 1.764087e+01 1.654235e-01
5.941039e+00 1.596142e+01 1.731761e+01 1.504929e-01
6.444565e+00 1.574515e+01 1.705525e+01 1.477302e-01
6.990768e+00 1.556933e+01 1.680504e+01 1.416572e-01
7.583263e+00 1.559457e+01 1.635856e+01 9.122418e-02
8.225975e+00 1.556199e+01 1.614973e+01 7.146216e-02
8.923159e+00 1.541728e+01 1.605284e+01 7.761581e-02
9.679432e+00 1.525378e+01 1.581566e+01 6.979149e-02
1.049980e+01 1.507250e+01 1.547191e+01 5.096415e-02
1.138970e+01 1.492690e+01 1.511399e+01 2.460339e-02
1.235503e+01 1.531419e+01 1.449221e+01 -1.166547e-01
1.340216e+01 1.450686e+01 1.443654e+01 -9.766798e-03
1.453805e+01 1.418751e+01 1.425116e+01 8.912800e-03
1.577021e+01 1.409203e+01 1.406027e+01 -4.521731e-03
1.710679e+01 1.421739e+01 1.386180e+01 -5.196239e-02
1.855666e+01 1.368846e+01 1.389985e+01 3.018540e-02
2.012941e+01 1.411973e+01 1.444808e+01 4.493632e-02
2.183546e+01 1.449244e+01 1.500614e+01 6.729267e-02
2.368610e+01 1.555813e+01 1.626076e+01 8.455325e-02
2.569360e+01 1.665017e+01 1.711559e+01 5.364599e-02
2.787123e+01 1.778841e+01 1.784316e+01 6.127039e-03
3.023343e+01 1.824452e+01 1.775085e+01 -5.639588e-02
3.279583e+01 1.758178e+01 1.739067e+01 -2.209933e-02
