# Radius [kpc], v_t [km/s], v_r [km/s], ansitropy
1.042295e-02 8.290663e+00 7.052020e+00 -3.821382e-01
1.130464e-02 6.540695e+00 1.054598e+01 6.153425e-01
1.226091e-02 9.975354e+00 9.326409e+00 -1.440044e-01
1.329806e-02 6.794013e+00 9.295163e+00 4.657571e-01
1.442296e-02 1.101960e+01 1.013652e+01 -1.818271e-01
1.564301e-02 1.118500e+01 7.835620e+00 -1.037629e+00
1.696626e-02 8.446086e+00 8.267937e+00 -4.355811e-02
1.840145e-02 1.109152e+01 9.717211e+00 -3.028635e-01
1.995804e-02 9.087952e+00 1.149366e+01 3.748050e-01
2.164630e-02 1.079765e+01 1.115013e+01 6.222496e-02
2.347738e-02 1.030728e+01 9.108659e+00 -2.804977e-01
2.546335e-02 1.097043e+01 1.174854e+01 1.280745e-01
2.761731e-02 9.869151e+00 9.450048e+00 -9.066541e-02
2.995348e-02 9.111496e+00 1.084267e+01 2.938341e-01
3.248726e-02 9.537971e+00 1.003710e+01 9.698466e-02
3.523538e-02 1.004517e+01 9.678306e+00 -7.724831e-02
3.821597e-02 1.043104e+01 1.154866e+01 1.841843e-01
4.144869e-02 1.140369e+01 1.140582e+01 3.723838e-04
4.495486e-02 1.073058e+01 1.135373e+01 1.067569e-01
4.875762e-02 1.071984e+01 1.126173e+01 9.392078e-02
5.288207e-02 1.146173e+01 1.129802e+01 -2.918955e-02
5.735540e-02 1.208689e+01 1.278034e+01 1.055732e-01
6.220713e-02 1.264902e+01 1.303207e+01 5.792162e-02
6.746928e-02 1.260968e+01 1.336095e+01 1.092968e-01
7.317655e-02 1.299903e+01 1.399489e+01 1.372545e-01
7.936661e-02 1.277633e+01 1.364307e+01 1.230242e-01
8.608029e-02 1.349337e+01 1.448867e+01 1.326704e-01
9.336188e-02 1.384501e+01 1.432010e+01 6.525233e-02
1.012594e-01 1.418837e+01 1.456987e+01 5.168266e-02
1.098250e-01 1.437741e+01 1.472530e+01 4.669319e-02
1.191152e-01 1.485693e+01 1.488955e+01 4.376186e-03
1.291913e-01 1.501294e+01 1.575074e+01 9.148957e-02
1.401196e-01 1.525162e+01 1.604957e+01 9.696375e-02
1.519725e-01 1.569478e+01 1.643416e+01 8.795655e-02
1.648279e-01 1.591506e+01 1.646976e+01 6.622470e-02
1.787708e-01 1.584919e+01 1.709787e+01 1.407295e-01
1.938932e-01 1.618763e+01 1.722285e+01 1.166018e-01
2.102947e-01 1.644262e+01 1.732401e+01 9.916415e-02
2.280837e-01 1.660065e+01 1.759623e+01 1.099575e-01
2.473775e-01 1.669169e+01 1.779889e+01 1.205434e-01
2.683033e-01 1.707570e+01 1.813299e+01 1.132150e-01
2.909993e-01 1.727359e+01 1.851469e+01 1.295728e-01
3.156151e-01 1.744913e+01 1.872676e+01 1.317949e-01
3.423132e-01 1.775286e+01 1.891954e+01 1.195280e-01
3.712698e-01 1.790579e+01 1.908477e+01 1.197363e-01
4.026757e-01 1.805543e+01 1.951853e+01 1.443007e-01
4.367384e-01 1.826001e+01 1.969276e+01 1.402173e-01
4.736824e-01 1.852858e+01 1.982991e+01 1.269428e-01
5.137515e-01 1.857560e+01 2.001363e+01 1.385422e-01
5.572101e-01 1.882922e+01 2.032286e+01 1.415897e-01
6.043449e-01 1.881397e+01 2.049081e+01 1.569711e-01
6.554669e-01 1.910617e+01 2.073168e+01 1.506669e-01
7.109133e-01 1.916194e+01 2.082281e+01 1.531629e-01
7.710499e-01 1.939855e+01 2.105010e+01 1.507603e-01
8.362736e-01 1.953556e+01 2.112083e+01 1.444804e-01
9.070146e-01 1.968020e+01 2.133401e+01 1.490305e-01
9.837396e-01 1.977070e+01 2.138036e+01 1.449059e-01
1.066955e+00 1.986306e+01 2.149804e+01 1.463212e-01
1.157209e+00 1.994774e+01 2.144831e+01 1.350294e-01
1.255098e+00 2.007165e+01 2.154076e+01 1.317512e-01
1.361268e+00 2.018758e+01 2.151746e+01 1.197894e-01
1.476419e+00 2.038080e+01 2.152176e+01 1.032183e-01
1.601310e+00 2.053220e+01 2.165679e+01 1.011596e-01
1.736766e+00 2.069573e+01 2.177846e+01 9.695919e-02
1.883680e+00 2.079421e+01 2.188587e+01 9.727156e-02
2.043022e+00 2.078799e+01 2.184290e+01 9.425866e-02
2.215843e+00 2.077008e+01 2.176020e+01 8.893304e-02
2.403283e+00 2.066427e+01 2.159121e+01 8.402008e-02
2.606578e+00 2.046153e+01 2.138015e+01 8.408541e-02
2.827070e+00 2.028214e+01 2.117889e+01 8.289059e-02
3.066214e+00 2.027538e+01 2.097755e+01 6.582506e-02
3.325587e+00 2.006158e+01 2.094887e+01 8.291594e-02
3.606901e+00 1.997398e+01 2.092107e+01 8.849006e-02
3.912011e+00 1.973447e+01 2.067424e+01 8.884580e-02
4.242931e+00 1.940870e+01 2.039940e+01 9.477173e-02
4.601844e+00 1.914477e+01 2.011583e+01 9.421666e-02
4.991117e+00 1.885185e+01 1.999773e+01 1.113177e-01
5.413319e+00 1.869107e+01 1.982158e+01 1.108152e-01
5.871236e+00 1.849148e+01 1.971844e+01 1.205760e-01
6.367888e+00 1.811528e+01 1.946389e+01 1.337743e-01
6.906552e+00 1.780448e+01 1.916426e+01 1.368731e-01
7.490782e+00 1.733949e+01 1.872063e+01 1.421100e-01
8.124433e+00 1.691174e+01 1.830121e+01 1.460801e-01
8.811684e+00 1.648997e+01 1.778311e+01 1.401469e-01
9.557071e+00 1.592844e+01 1.701038e+01 1.231636e-01
1.036551e+01 1.595313e+01 1.673115e+01 9.084014e-02
1.124234e+01 1.546081e+01 1.592822e+01 5.782840e-02
1.219333e+01 1.513172e+01 1.540149e+01 3.472533e-02
1.322478e+01 1.495773e+01 1.510868e+01 1.988277e-02
1.434347e+01 1.483391e+01 1.518400e+01 4.558199e-02
1.555679e+01 1.454790e+01 1.498478e+01 5.746040e-02
1.687275e+01 1.466684e+01 1.516227e+01 6.428329e-02
1.830003e+01 1.441144e+01 1.508687e+01 8.753488e-02
1.984805e+01 1.388804e+01 1.481925e+01 1.217263e-01
2.152701e+01 1.397923e+01 1.454803e+01 7.666713e-02
2.334799e+01 1.395227e+01 1.441785e+01 6.354118e-02
2.532301e+01 1.398374e+01 1.473018e+01 9.878153e-02
2.746510e+01 1.321170e+01 1.279408e+01 -6.634757e-02
2.978840e+01 1.254835e+01 1.283640e+01 4.437585e-02
3.230822e+01 1.161477e+01 1.216983e+01 8.913763e-02
