6.2553506374310714 -8.645
6.120950467462598 -8.700000000000001
6.0548371690667135 -8.76
5.835347438627636 -8.755
5.697582812911775 -8.755
5.599437627740484 -8.815000000000001
5.514948431990922 -8.870000000000001
5.563070622856041 -8.98
5.280509991709612 -8.98
4.968943364138562 -8.98
4.737092888881303 -8.945
4.6353134481554115 -8.98
4.6353134481554115 -9.04
4.6152214937233484 -9.120000000000001
4.535720803170593 -9.16
4.380804211154765 -9.09
4.140269207491977 -8.965000000000002
4.086663740274274 -9.030000000000001
4.086663740274274 -9.215
4.167335049488151 -9.295000000000002
4.212838546601174 -9.4
4.324084455805691 -9.495000000000001
4.399875650890867 -9.61
4.5455830089085545 -9.8
4.675760143391555 -9.96
4.757715399543748 -10.07
4.862182469120505 -10.16
4.968943364138564 -10.26
5.078048451045233 -10.35
5.212141441002542 -10.42
5.384747991560213 -10.555
5.538957267263817 -10.655000000000001
5.685221200814957 -10.73
5.722386730644784 -10.84
5.835347438627636 -10.89
5.95053800665816 -10.935000000000002
5.9247451579515396 -11.015
5.9247451579515396 -11.095000000000002
6.068002452483068 -11.139999999999999
6.094418959022302 -11.2
6.094418959022297 -11.279999999999998
6.228236565994573 -11.35
6.323653359984241 -11.440000000000001
6.296243227622306 -11.52
6.20124002160212 -11.605
6.174360494827952 -11.645
6.241778878906686 -11.689999999999998
6.228236565994573 -11.8
6.228236565994573 -11.93
6.187785662765493 -12
6.40660180263296 -12.085
6.5472741337964475 -12.190000000000001
6.676518233561811 -12.35
6.778802717799009 -12.52
6.852821059553652 -12.66
6.82311722830262 -12.719999999999999
