# Radius [kpc], v_t [km/s], v_r [km/s], ansitropy
1.040410e-02 1.738165e+00 1.315564e+00 -7.456534e-01
1.124495e-02 5.895991e+00 5.559009e+00 -1.249128e-01
1.215376e-02 5.313628e+00 4.345556e+00 -4.951736e-01
1.313602e-02 5.582132e+00 3.154133e+00 -2.132134e+00
1.419766e-02 4.469627e+00 5.533431e+00 3.475404e-01
1.534511e-02 1.092453e+01 1.340107e+01 3.354511e-01
1.658529e-02 8.404193e+00 1.338325e+01 6.056620e-01
1.792570e-02 9.816786e+00 8.951987e+00 -2.025406e-01
1.937445e-02 7.728596e+00 6.251834e+00 -5.282214e-01
2.094028e-02 8.176163e+00 7.273479e+00 -2.636150e-01
2.263266e-02 7.993423e+00 5.703667e+00 -9.640713e-01
2.446182e-02 5.722885e+00 6.733914e+00 2.777378e-01
2.643880e-02 6.609304e+00 7.386243e+00 1.993102e-01
2.857557e-02 7.283598e+00 8.985244e+00 3.428988e-01
3.088503e-02 7.357033e+00 7.158974e+00 -5.609702e-02
3.338114e-02 8.078041e+00 6.828900e+00 -3.992995e-01
3.607898e-02 7.718924e+00 8.208844e+00 1.158021e-01
3.899486e-02 8.028987e+00 7.797556e+00 -6.024089e-02
4.214640e-02 7.809263e+00 7.635375e+00 -4.606674e-02
4.555265e-02 8.026550e+00 7.768273e+00 -6.760056e-02
4.923419e-02 7.349199e+00 8.624294e+00 2.738390e-01
5.321326e-02 8.214979e+00 8.199654e+00 -3.741483e-03
5.751392e-02 9.118442e+00 8.440975e+00 -1.669602e-01
6.216216e-02 8.706353e+00 9.069612e+00 7.850046e-02
6.718607e-02 8.852737e+00 8.797529e+00 -1.259033e-02
7.261600e-02 8.593699e+00 8.956740e+00 7.942243e-02
7.848478e-02 8.640424e+00 9.301895e+00 1.371661e-01
8.482787e-02 9.501033e+00 9.596656e+00 1.982915e-02
9.168361e-02 9.330774e+00 9.726779e+00 7.976826e-02
9.909342e-02 9.681913e+00 9.376678e+00 -6.616484e-02
1.071021e-01 9.426772e+00 9.413046e+00 -2.918570e-03
1.157580e-01 9.766581e+00 9.895831e+00 2.595164e-02
1.251135e-01 9.706221e+00 1.009858e+01 7.619590e-02
1.352251e-01 1.000793e+01 1.021498e+01 4.012836e-02
1.461539e-01 1.013467e+01 1.051989e+01 7.189580e-02
1.579660e-01 1.021545e+01 1.044447e+01 4.337349e-02
1.707327e-01 1.040168e+01 1.075863e+01 6.525415e-02
1.845312e-01 1.048670e+01 1.084769e+01 6.544787e-02
1.994449e-01 1.048219e+01 1.100265e+01 9.236992e-02
2.155639e-01 1.087520e+01 1.141255e+01 9.195207e-02
2.329856e-01 1.106866e+01 1.181994e+01 1.230810e-01
2.518154e-01 1.110518e+01 1.175366e+01 1.073010e-01
2.721669e-01 1.129395e+01 1.195894e+01 1.081192e-01
2.941633e-01 1.138562e+01 1.212530e+01 1.182839e-01
3.179374e-01 1.159633e+01 1.223117e+01 1.011134e-01
3.436329e-01 1.191964e+01 1.257970e+01 1.021873e-01
3.714051e-01 1.197185e+01 1.274151e+01 1.171628e-01
4.014218e-01 1.198594e+01 1.291768e+01 1.390564e-01
4.338645e-01 1.225182e+01 1.302559e+01 1.152789e-01
4.689291e-01 1.223642e+01 1.314221e+01 1.330939e-01
5.068277e-01 1.253634e+01 1.349309e+01 1.367844e-01
5.477891e-01 1.264694e+01 1.368426e+01 1.458614e-01
5.920611e-01 1.266050e+01 1.369342e+01 1.451732e-01
6.399111e-01 1.275627e+01 1.396759e+01 1.659263e-01
6.916283e-01 1.290711e+01 1.405378e+01 1.565264e-01
7.475253e-01 1.298224e+01 1.421165e+01 1.655310e-01
8.079398e-01 1.297388e+01 1.427954e+01 1.745105e-01
8.732370e-01 1.298861e+01 1.432579e+01 1.779691e-01
9.438115e-01 1.304663e+01 1.433817e+01 1.720398e-01
1.020090e+00 1.319419e+01 1.445658e+01 1.670207e-01
1.102533e+00 1.320405e+01 1.450151e+01 1.709359e-01
1.191639e+00 1.328231e+01 1.464875e+01 1.778598e-01
1.287946e+00 1.336572e+01 1.463750e+01 1.662210e-01
1.392037e+00 1.342040e+01 1.472298e+01 1.691179e-01
1.504541e+00 1.338528e+01 1.482987e+01 1.853324e-01
1.626137e+00 1.350002e+01 1.492194e+01 1.815008e-01
1.757560e+00 1.354839e+01 1.496649e+01 1.805257e-01
1.899605e+00 1.362120e+01 1.505664e+01 1.815826e-01
2.053130e+00 1.358866e+01 1.503353e+01 1.829824e-01
2.219063e+00 1.353548e+01 1.497354e+01 1.828568e-01
2.398406e+00 1.344999e+01 1.485011e+01 1.796773e-01
2.592243e+00 1.352868e+01 1.483598e+01 1.684701e-01
2.801747e+00 1.336815e+01 1.475644e+01 1.793091e-01
3.028182e+00 1.341040e+01 1.469590e+01 1.672950e-01
3.272918e+00 1.338680e+01 1.468888e+01 1.694307e-01
3.537433e+00 1.295388e+01 1.476124e+01 2.298877e-01
3.823326e+00 1.283376e+01 1.457796e+01 2.249778e-01
4.132325e+00 1.264678e+01 1.446311e+01 2.353959e-01
4.466297e+00 1.252521e+01 1.428339e+01 2.310331e-01
4.827261e+00 1.209331e+01 1.390231e+01 2.433137e-01
5.217397e+00 1.181078e+01 1.363011e+01 2.491408e-01
5.639063e+00 1.149604e+01 1.346123e+01 2.706654e-01
6.094809e+00 1.129096e+01 1.322344e+01 2.709232e-01
6.587388e+00 1.090090e+01 1.302655e+01 2.997290e-01
7.119776e+00 1.061292e+01 1.271057e+01 3.028283e-01
7.695192e+00 1.030891e+01 1.228802e+01 2.961807e-01
8.317112e+00 1.010448e+01 1.202882e+01 2.943623e-01
8.989296e+00 9.966353e+00 1.189611e+01 2.981206e-01
9.715805e+00 9.633505e+00 1.158657e+01 3.087117e-01
1.050103e+01 9.378915e+00 1.126579e+01 3.069221e-01
1.134972e+01 9.398957e+00 1.133020e+01 3.118485e-01
1.226699e+01 9.002264e+00 1.094226e+01 3.231553e-01
1.325840e+01 8.719273e+00 1.068693e+01 3.343366e-01
1.432994e+01 8.562941e+00 1.050888e+01 3.360536e-01
1.548808e+01 8.824354e+00 9.889040e+00 2.037351e-01
1.673981e+01 8.573340e+00 9.621338e+00 2.059841e-01
1.809272e+01 8.111412e+00 9.521079e+00 2.741939e-01
1.955496e+01 7.995471e+00 9.539016e+00 2.974439e-01
2.113538e+01 7.728092e+00 9.624194e+00 3.552137e-01
2.284352e+01 7.307981e+00 8.819555e+00 3.134036e-01
