# Radius [kpc], v_t [km/s], v_r [km/s], ansitropy
1.043209e-02 0.000000e+00 0.000000e+00 nan
1.133361e-02 3.855039e+00 1.045954e+01 8.641586e-01
1.231304e-02 1.602437e+01 9.425297e+00 -1.890493e+00
1.337710e-02 2.696996e+00 4.764682e+00 6.795998e-01
1.453312e-02 1.737471e+01 6.194031e+00 -6.868436e+00
1.578904e-02 4.699833e+00 1.953139e+00 -4.790265e+00
1.715350e-02 4.691254e+00 4.705444e+00 6.022233e-03
1.863587e-02 1.486065e+01 1.682692e+01 2.200511e-01
2.024634e-02 1.324847e+01 1.496001e+01 2.157261e-01
2.199599e-02 8.599849e+00 1.035029e+01 3.096389e-01
2.389683e-02 6.722218e+00 1.093432e+01 6.220440e-01
2.596195e-02 1.456867e+01 1.032223e+01 -9.920152e-01
2.820552e-02 1.009145e+01 1.116189e+01 1.826047e-01
3.064299e-02 1.060668e+01 1.225188e+01 2.505306e-01
3.329109e-02 1.108164e+01 1.155019e+01 7.948799e-02
3.616803e-02 1.231814e+01 1.121665e+01 -2.060466e-01
3.929360e-02 1.447894e+01 1.177014e+01 -5.132492e-01
4.268927e-02 1.431669e+01 1.319026e+01 -1.780903e-01
4.637838e-02 1.183344e+01 1.354837e+01 2.371346e-01
5.038631e-02 1.169143e+01 1.243489e+01 1.160012e-01
5.474058e-02 1.295232e+01 1.158515e+01 -2.499476e-01
5.947115e-02 1.217115e+01 1.144385e+01 -1.311462e-01
6.461052e-02 1.299509e+01 1.452713e+01 1.997983e-01
7.019403e-02 1.398270e+01 1.448368e+01 6.798249e-02
7.626005e-02 1.393832e+01 1.417723e+01 3.341872e-02
8.285028e-02 1.239260e+01 1.426635e+01 2.454316e-01
9.001002e-02 1.404830e+01 1.443993e+01 5.350690e-02
9.778850e-02 1.390975e+01 1.457626e+01 8.935983e-02
1.062392e-01 1.392327e+01 1.347862e+01 -6.706663e-02
1.154201e-01 1.456529e+01 1.431634e+01 -3.508089e-02
1.253945e-01 1.487148e+01 1.491195e+01 5.421061e-03
1.362308e-01 1.494707e+01 1.518628e+01 3.125514e-02
1.480036e-01 1.570594e+01 1.523824e+01 -6.232623e-02
1.607938e-01 1.503018e+01 1.558164e+01 6.953068e-02
1.746892e-01 1.546140e+01 1.580883e+01 4.347049e-02
1.897855e-01 1.623664e+01 1.668420e+01 5.293108e-02
2.061864e-01 1.715719e+01 1.728367e+01 1.458249e-02
2.240046e-01 1.742092e+01 1.716270e+01 -3.031787e-02
2.433626e-01 1.761419e+01 1.768167e+01 7.617220e-03
2.643934e-01 1.709438e+01 1.769621e+01 6.686114e-02
2.872418e-01 1.836537e+01 1.789233e+01 -5.357465e-02
3.120646e-01 1.853555e+01 1.846600e+01 -7.547138e-03
3.390325e-01 1.836014e+01 1.881399e+01 4.766448e-02
3.683310e-01 1.849851e+01 1.893759e+01 4.583436e-02
4.001614e-01 1.927620e+01 1.966193e+01 3.885056e-02
4.347425e-01 1.887646e+01 1.964769e+01 7.696472e-02
4.723120e-01 1.949156e+01 2.017340e+01 6.645593e-02
5.131282e-01 1.970905e+01 2.010862e+01 3.934607e-02
5.574717e-01 2.017823e+01 2.067979e+01 4.791901e-02
6.056472e-01 1.993811e+01 2.078629e+01 7.994452e-02
6.579860e-01 2.021784e+01 2.104419e+01 7.699291e-02
7.148477e-01 2.025232e+01 2.132112e+01 9.774447e-02
7.766233e-01 2.052756e+01 2.152627e+01 9.063771e-02
8.437375e-01 2.080404e+01 2.187262e+01 9.532224e-02
9.166515e-01 2.061558e+01 2.193471e+01 1.166612e-01
9.958666e-01 2.033760e+01 2.187694e+01 1.357762e-01
1.081927e+00 2.075188e+01 2.206945e+01 1.158381e-01
1.175425e+00 2.059638e+01 2.213867e+01 1.344773e-01
1.277003e+00 2.050554e+01 2.211758e+01 1.404577e-01
1.387359e+00 2.054555e+01 2.203616e+01 1.307118e-01
1.507251e+00 2.056824e+01 2.235594e+01 1.535361e-01
1.637505e+00 2.058879e+01 2.242117e+01 1.567718e-01
1.779015e+00 2.061677e+01 2.250922e+01 1.610802e-01
1.932753e+00 2.084465e+01 2.249002e+01 1.409673e-01
2.099778e+00 2.074062e+01 2.255998e+01 1.547871e-01
2.281236e+00 2.099897e+01 2.283524e+01 1.543616e-01
2.478376e+00 2.110800e+01 2.273162e+01 1.377495e-01
2.692552e+00 2.110468e+01 2.274281e+01 1.388694e-01
2.925236e+00 2.098024e+01 2.263183e+01 1.406274e-01
3.178029e+00 2.089471e+01 2.242492e+01 1.318177e-01
3.452668e+00 2.064576e+01 2.221561e+01 1.363350e-01
3.751040e+00 2.044645e+01 2.196919e+01 1.338202e-01
4.075197e+00 2.023990e+01 2.166964e+01 1.276048e-01
4.427367e+00 2.008382e+01 2.153454e+01 1.301956e-01
4.809970e+00 1.984498e+01 2.125255e+01 1.280749e-01
5.225638e+00 1.961762e+01 2.096064e+01 1.240409e-01
5.677226e+00 1.944467e+01 2.086280e+01 1.313283e-01
6.167840e+00 1.933032e+01 2.053497e+01 1.138851e-01
6.700852e+00 1.919840e+01 2.047923e+01 1.211737e-01
7.279925e+00 1.906440e+01 2.018277e+01 1.077533e-01
7.909041e+00 1.898613e+01 2.007687e+01 1.057049e-01
8.592524e+00 1.897241e+01 1.987119e+01 8.841509e-02
9.335071e+00 1.874660e+01 1.960030e+01 8.521355e-02
1.014179e+01 1.864181e+01 1.930987e+01 6.799622e-02
1.101822e+01 1.860261e+01 1.911490e+01 5.288247e-02
1.197039e+01 1.840400e+01 1.881962e+01 4.368161e-02
1.300485e+01 1.803615e+01 1.850894e+01 5.043581e-02
1.412870e+01 1.783989e+01 1.793739e+01 1.084194e-02
1.534967e+01 1.765520e+01 1.752514e+01 -1.489785e-02
1.667616e+01 1.725362e+01 1.746913e+01 2.452047e-02
1.811728e+01 1.725156e+01 1.701598e+01 -2.788172e-02
1.968293e+01 1.693600e+01 1.703973e+01 1.213761e-02
2.138389e+01 1.708042e+01 1.625422e+01 -1.042440e-01
2.323184e+01 1.722381e+01 1.553704e+01 -2.289142e-01
2.523949e+01 1.681898e+01 1.503837e+01 -2.508279e-01
2.742063e+01 1.714772e+01 1.575901e+01 -1.840096e-01
2.979026e+01 1.672141e+01 1.553577e+01 -1.584574e-01
3.236467e+01 1.691276e+01 1.570866e+01 -1.591801e-01
3.516156e+01 1.657739e+01 1.551232e+01 -1.420336e-01
3.820015e+01 1.631808e+01 1.553436e+01 -1.034469e-01
