# Radius [kpc], v_t [km/s], v_r [km/s], ansitropy
1.040346e-02 3.889398e+00 5.099398e+00 4.182626e-01
1.124293e-02 4.880940e+00 4.861419e+00 -8.047230e-03
1.215014e-02 5.486190e+00 6.698547e+00 3.292194e-01
1.313055e-02 1.880873e+00 1.284411e+00 -1.144426e+00
1.419007e-02 4.222576e+00 4.228828e+00 2.954496e-03
1.533509e-02 6.259304e+00 5.944097e+00 -1.088691e-01
1.657250e-02 6.948876e+00 9.107413e+00 4.178443e-01
1.790976e-02 8.341077e+00 6.777285e+00 -5.147212e-01
1.935492e-02 3.908679e+00 3.164951e+00 -5.251973e-01
2.091670e-02 5.695449e+00 5.095555e+00 -2.493180e-01
2.260450e-02 5.764518e+00 5.412207e+00 -1.344287e-01
2.442849e-02 6.235542e+00 6.868010e+00 1.756977e-01
2.639966e-02 5.484357e+00 6.315331e+00 2.458473e-01
2.852989e-02 7.116089e+00 5.853021e+00 -4.781636e-01
3.083200e-02 7.069470e+00 7.937775e+00 2.068121e-01
3.331988e-02 5.931592e+00 6.539783e+00 1.773485e-01
3.600851e-02 6.413366e+00 6.314244e+00 -3.164279e-02
3.891409e-02 6.258291e+00 6.009284e+00 -8.459104e-02
4.205413e-02 6.642438e+00 7.094366e+00 1.233468e-01
4.544754e-02 6.976869e+00 6.875233e+00 -2.978432e-02
4.911477e-02 7.169770e+00 6.623073e+00 -1.719024e-01
5.307791e-02 7.913312e+00 7.374234e+00 -1.515497e-01
5.736084e-02 7.184957e+00 7.099590e+00 -2.419311e-02
6.198937e-02 8.023623e+00 7.158621e+00 -2.562677e-01
6.699139e-02 7.670340e+00 7.549537e+00 -3.225894e-02
7.239702e-02 8.135348e+00 7.852427e+00 -7.335771e-02
7.823884e-02 7.787213e+00 7.670943e+00 -3.054411e-02
8.455205e-02 7.873367e+00 8.017236e+00 3.556789e-02
9.137467e-02 8.080488e+00 8.159024e+00 1.915872e-02
9.874783e-02 8.272054e+00 8.004690e+00 -6.791753e-02
1.067159e-01 8.715271e+00 8.238502e+00 -1.190907e-01
1.153270e-01 8.728460e+00 8.556363e+00 -4.063119e-02
1.246329e-01 8.794984e+00 8.992646e+00 4.347762e-02
1.346897e-01 9.239802e+00 8.956258e+00 -6.431988e-02
1.455580e-01 9.525138e+00 9.298751e+00 -4.928486e-02
1.573033e-01 9.609315e+00 9.634824e+00 5.288261e-03
1.699964e-01 9.519111e+00 9.272628e+00 -5.387007e-02
1.837136e-01 9.718449e+00 9.636427e+00 -1.709560e-02
1.985377e-01 9.811886e+00 9.717628e+00 -1.949348e-02
2.145580e-01 1.000114e+01 9.971120e+00 -6.031445e-03
2.318710e-01 1.034228e+01 1.039804e+01 1.069668e-02
2.505810e-01 1.052115e+01 1.051491e+01 -1.187826e-03
2.708008e-01 1.040301e+01 1.040147e+01 -2.956049e-04
2.926521e-01 1.078095e+01 1.054349e+01 -4.555102e-02
3.162666e-01 1.102202e+01 1.099009e+01 -5.820272e-03
3.417866e-01 1.118279e+01 1.100362e+01 -3.282969e-02
3.693659e-01 1.129399e+01 1.143680e+01 2.481921e-02
3.991706e-01 1.154587e+01 1.148150e+01 -1.124328e-02
4.313802e-01 1.169186e+01 1.174851e+01 9.619992e-03
4.661889e-01 1.175450e+01 1.183855e+01 1.414763e-02
5.038064e-01 1.190091e+01 1.185262e+01 -8.163982e-03
5.444593e-01 1.206296e+01 1.224636e+01 2.972719e-02
5.883925e-01 1.223613e+01 1.238934e+01 2.458009e-02
6.358707e-01 1.249619e+01 1.263800e+01 2.231593e-02
6.871801e-01 1.260094e+01 1.279515e+01 3.012609e-02
7.426296e-01 1.273562e+01 1.301621e+01 4.264926e-02
8.025535e-01 1.296800e+01 1.319785e+01 3.452926e-02
8.673127e-01 1.310035e+01 1.336022e+01 3.852308e-02
9.372974e-01 1.317882e+01 1.345800e+01 4.105871e-02
1.012929e+00 1.320700e+01 1.357634e+01 5.366834e-02
1.094664e+00 1.337629e+01 1.375126e+01 5.379198e-02
1.182994e+00 1.338369e+01 1.374533e+01 5.192835e-02
1.278452e+00 1.344094e+01 1.390407e+01 6.550861e-02
1.381612e+00 1.346473e+01 1.402835e+01 7.874045e-02
1.493096e+00 1.353474e+01 1.413766e+01 8.347298e-02
1.613576e+00 1.352977e+01 1.416815e+01 8.808551e-02
1.743778e+00 1.351984e+01 1.427889e+01 1.034922e-01
1.884486e+00 1.363717e+01 1.432535e+01 9.377166e-02
2.036548e+00 1.360214e+01 1.431156e+01 9.668209e-02
2.200880e+00 1.351684e+01 1.439264e+01 1.179981e-01
2.378472e+00 1.337423e+01 1.427491e+01 1.222094e-01
2.570395e+00 1.326659e+01 1.417860e+01 1.245096e-01
2.777803e+00 1.311190e+01 1.401141e+01 1.242753e-01
3.001948e+00 1.302370e+01 1.388454e+01 1.201554e-01
3.244180e+00 1.294405e+01 1.383983e+01 1.252602e-01
3.505958e+00 1.281142e+01 1.379905e+01 1.380219e-01
3.788859e+00 1.256811e+01 1.361064e+01 1.473255e-01
4.094587e+00 1.242309e+01 1.353556e+01 1.576226e-01
4.424985e+00 1.241337e+01 1.368652e+01 1.773905e-01
4.782044e+00 1.200909e+01 1.331954e+01 1.870915e-01
5.167914e+00 1.176889e+01 1.321775e+01 2.072142e-01
5.584920e+00 1.151746e+01 1.281649e+01 1.924389e-01
6.035576e+00 1.126508e+01 1.237421e+01 1.712310e-01
6.522595e+00 1.099624e+01 1.226683e+01 1.964292e-01
7.048913e+00 1.068831e+01 1.206836e+01 2.156289e-01
7.617700e+00 1.056902e+01 1.181200e+01 1.993876e-01
8.232383e+00 1.047734e+01 1.155255e+01 1.774798e-01
8.896666e+00 1.036780e+01 1.116109e+01 1.371023e-01
9.614551e+00 9.974013e+00 1.092888e+01 1.671088e-01
1.039036e+01 9.797716e+00 1.054361e+01 1.364823e-01
1.122878e+01 9.370624e+00 1.026338e+01 1.664024e-01
1.213484e+01 9.207518e+00 1.002231e+01 1.559864e-01
1.311402e+01 9.075300e+00 9.979019e+00 1.729224e-01
1.417221e+01 9.060497e+00 9.737685e+00 1.342499e-01
1.531579e+01 8.844763e+00 9.491321e+00 1.316016e-01
1.655164e+01 8.853946e+00 9.368424e+00 1.068166e-01
1.788722e+01 8.802038e+00 9.350603e+00 1.138908e-01
1.933056e+01 8.758233e+00 9.320363e+00 1.169864e-01
2.089037e+01 9.337519e+00 8.800182e+00 -1.258479e-01
2.257605e+01 9.014342e+00 9.091952e+00 1.699937e-02
