# Radius [kpc], v_t [km/s], v_r [km/s], ansitropy
1.040413e-02 5.481620e+00 8.265318e-01 -4.298441e+01
1.124506e-02 7.310891e+00 8.795754e+00 3.091330e-01
1.215396e-02 9.731758e+00 1.430702e+01 5.373163e-01
1.313632e-02 7.491186e+00 6.860646e+00 -1.922605e-01
1.419808e-02 9.213257e+00 9.103212e+00 -2.432328e-02
1.534566e-02 8.194653e+00 6.412482e+00 -6.330851e-01
1.658600e-02 1.030285e+01 9.032500e+00 -3.010652e-01
1.792658e-02 8.752910e+00 6.930113e+00 -5.952333e-01
1.937552e-02 7.180415e+00 7.727187e+00 1.365122e-01
2.094158e-02 8.858365e+00 7.799833e+00 -2.898421e-01
2.263421e-02 8.538597e+00 8.803909e+00 5.936317e-02
2.446365e-02 9.376585e+00 8.703383e+00 -1.606818e-01
2.644096e-02 8.753324e+00 9.022133e+00 5.870111e-02
2.857809e-02 8.775653e+00 1.091641e+01 3.537523e-01
3.088795e-02 9.052691e+00 9.871172e+00 1.589574e-01
3.338451e-02 8.497753e+00 7.514713e+00 -2.787434e-01
3.608286e-02 8.546029e+00 9.530000e+00 1.958392e-01
3.899931e-02 8.954953e+00 8.575803e+00 -9.037794e-02
4.215149e-02 9.902888e+00 1.019510e+01 5.650283e-02
4.555844e-02 9.259642e+00 9.327464e+00 1.448969e-02
4.924077e-02 9.708573e+00 9.193604e+00 -1.151653e-01
5.322072e-02 9.630394e+00 9.202960e+00 -9.504757e-02
5.752236e-02 9.899847e+00 9.422940e+00 -1.037841e-01
6.217169e-02 9.850421e+00 1.006499e+01 4.218198e-02
6.719680e-02 1.024514e+01 1.049618e+01 4.726231e-02
7.262807e-02 1.007899e+01 1.071234e+01 1.147512e-01
7.849834e-02 1.014933e+01 1.046310e+01 5.907657e-02
8.484308e-02 1.039021e+01 1.078518e+01 7.190165e-02
9.170064e-02 1.033540e+01 1.103940e+01 1.234767e-01
9.911248e-02 1.096019e+01 1.114959e+01 3.368710e-02
1.071234e-01 1.052217e+01 1.082411e+01 5.501329e-02
1.157818e-01 1.120380e+01 1.115805e+01 -8.218367e-03
1.251400e-01 1.083965e+01 1.120873e+01 6.477192e-02
1.352546e-01 1.091629e+01 1.180219e+01 1.444909e-01
1.461868e-01 1.110878e+01 1.171287e+01 1.004894e-01
1.580025e-01 1.162246e+01 1.203201e+01 6.691808e-02
1.707733e-01 1.155798e+01 1.190792e+01 5.791028e-02
1.845763e-01 1.193475e+01 1.227548e+01 5.474323e-02
1.994949e-01 1.202094e+01 1.243250e+01 6.511052e-02
2.156194e-01 1.207976e+01 1.257630e+01 7.740499e-02
2.330471e-01 1.214694e+01 1.262313e+01 7.402478e-02
2.518835e-01 1.205009e+01 1.285136e+01 1.208114e-01
2.722423e-01 1.245919e+01 1.312275e+01 9.857417e-02
2.942467e-01 1.237081e+01 1.312364e+01 1.114391e-01
3.180296e-01 1.256383e+01 1.340280e+01 1.212762e-01
3.437348e-01 1.259562e+01 1.339981e+01 1.164278e-01
3.715176e-01 1.280111e+01 1.361518e+01 1.160081e-01
4.015461e-01 1.283660e+01 1.389299e+01 1.462936e-01
4.340016e-01 1.296691e+01 1.405718e+01 1.491048e-01
4.690804e-01 1.319795e+01 1.425361e+01 1.426396e-01
5.069945e-01 1.336155e+01 1.458581e+01 1.608246e-01
5.479730e-01 1.354313e+01 1.489483e+01 1.732641e-01
5.922637e-01 1.380096e+01 1.510254e+01 1.649377e-01
6.401342e-01 1.403716e+01 1.537043e+01 1.659611e-01
6.918740e-01 1.405880e+01 1.569302e+01 1.974283e-01
7.477957e-01 1.432680e+01 1.576292e+01 1.739147e-01
8.082373e-01 1.431688e+01 1.587574e+01 1.867417e-01
8.735642e-01 1.440068e+01 1.596202e+01 1.860639e-01
9.441713e-01 1.434371e+01 1.601047e+01 1.973717e-01
1.020485e+00 1.435238e+01 1.603545e+01 1.989031e-01
1.102967e+00 1.428972e+01 1.599202e+01 2.015630e-01
1.192116e+00 1.426666e+01 1.598891e+01 2.038282e-01
1.288471e+00 1.415854e+01 1.596274e+01 2.132766e-01
1.392613e+00 1.416040e+01 1.584897e+01 2.017324e-01
1.505173e+00 1.417951e+01 1.583652e+01 1.983162e-01
1.626831e+00 1.418611e+01 1.572767e+01 1.864246e-01
1.758322e+00 1.406991e+01 1.588308e+01 2.152832e-01
1.900441e+00 1.396674e+01 1.593396e+01 2.316799e-01
2.054046e+00 1.392118e+01 1.596863e+01 2.399947e-01
2.220068e+00 1.378178e+01 1.597139e+01 2.553962e-01
2.399508e+00 1.376831e+01 1.595432e+01 2.552595e-01
2.593451e+00 1.365061e+01 1.587441e+01 2.605504e-01
2.803071e+00 1.347111e+01 1.585733e+01 2.783170e-01
3.029633e+00 1.322441e+01 1.567990e+01 2.886783e-01
3.274507e+00 1.303714e+01 1.561212e+01 3.026658e-01
3.539174e+00 1.288534e+01 1.539728e+01 2.996688e-01
3.825232e+00 1.270657e+01 1.522848e+01 3.037838e-01
4.134412e+00 1.239875e+01 1.505592e+01 3.218258e-01
4.468582e+00 1.213701e+01 1.475911e+01 3.237569e-01
4.829761e+00 1.204564e+01 1.451003e+01 3.108358e-01
5.220134e+00 1.201102e+01 1.436624e+01 3.010052e-01
5.642058e+00 1.156537e+01 1.389147e+01 3.068566e-01
6.098086e+00 1.099436e+01 1.369085e+01 3.551199e-01
6.590972e+00 1.067676e+01 1.337773e+01 3.630377e-01
7.123697e+00 1.047239e+01 1.306973e+01 3.579654e-01
7.699479e+00 1.038066e+01 1.288809e+01 3.512564e-01
8.321801e+00 1.025291e+01 1.268826e+01 3.470340e-01
8.994422e+00 1.000161e+01 1.237139e+01 3.464139e-01
9.721409e+00 9.750742e+00 1.207929e+01 3.483830e-01
1.050716e+01 9.443367e+00 1.173599e+01 3.525382e-01
1.135641e+01 9.304119e+00 1.167020e+01 3.643849e-01
1.227431e+01 9.068639e+00 1.174504e+01 4.038229e-01
1.326640e+01 8.731159e+00 1.111112e+01 3.825126e-01
1.433867e+01 8.373745e+00 1.036220e+01 3.469662e-01
1.549762e+01 8.059037e+00 9.868894e+00 3.331483e-01
1.675023e+01 8.165925e+00 9.805565e+00 3.064694e-01
1.810409e+01 7.898729e+00 9.392132e+00 2.927287e-01
1.956738e+01 7.588814e+00 9.481686e+00 3.594151e-01
2.114894e+01 7.467709e+00 9.186796e+00 3.392357e-01
2.285834e+01 7.085400e+00 8.738879e+00 3.426188e-01
