# Radius [kpc], v_t [km/s], v_r [km/s], ansitropy
1.042244e-02 7.391002e+00 8.500996e+00 2.440952e-01
1.130302e-02 1.589758e+01 1.066268e+01 -1.222950e+00
1.225800e-02 9.436286e+00 1.264325e+01 4.429622e-01
1.329367e-02 1.475143e+01 9.925075e+00 -1.209024e+00
1.441683e-02 7.565928e+00 7.722806e+00 4.021473e-02
1.563489e-02 1.238186e+01 1.076491e+01 -3.229711e-01
1.695587e-02 7.392464e+00 8.327521e+00 2.119623e-01
1.838845e-02 1.088954e+01 1.297175e+01 2.952711e-01
1.994207e-02 1.111640e+01 9.785449e+00 -2.905268e-01
2.162695e-02 1.142516e+01 9.735991e+00 -3.770957e-01
2.345418e-02 9.821702e+00 1.136738e+01 2.534601e-01
2.543580e-02 9.736604e+00 8.178943e+00 -4.171657e-01
2.758484e-02 1.144827e+01 1.049093e+01 -1.908350e-01
2.991545e-02 1.063068e+01 1.175977e+01 1.828069e-01
3.244297e-02 9.841942e+00 1.049420e+01 1.204444e-01
3.518403e-02 1.125061e+01 1.123781e+01 -2.278757e-03
3.815669e-02 1.076551e+01 1.149866e+01 1.234536e-01
4.138050e-02 1.187217e+01 1.154917e+01 -5.671652e-02
4.487669e-02 1.117544e+01 1.180859e+01 1.043602e-01
4.866827e-02 1.356456e+01 1.281085e+01 -1.211283e-01
5.278019e-02 1.332953e+01 1.302899e+01 -4.666648e-02
5.723953e-02 1.315246e+01 1.346662e+01 4.611319e-02
6.207563e-02 1.323596e+01 1.295639e+01 -4.362024e-02
6.732032e-02 1.389317e+01 1.358430e+01 -4.599118e-02
7.300814e-02 1.446857e+01 1.465441e+01 2.520255e-02
7.917651e-02 1.419257e+01 1.462921e+01 5.880292e-02
8.586603e-02 1.466836e+01 1.518241e+01 6.657028e-02
9.312075e-02 1.479440e+01 1.533580e+01 6.935948e-02
1.009884e-01 1.552630e+01 1.543471e+01 -1.190310e-02
1.095208e-01 1.565626e+01 1.605556e+01 4.912018e-02
1.187741e-01 1.638672e+01 1.637886e+01 -9.595821e-04
1.288092e-01 1.656004e+01 1.685244e+01 3.440110e-02
1.396921e-01 1.698291e+01 1.705756e+01 8.733187e-03
1.514945e-01 1.719361e+01 1.767152e+01 5.335635e-02
1.642941e-01 1.772634e+01 1.794813e+01 2.456220e-02
1.781751e-01 1.794738e+01 1.851794e+01 6.067327e-02
1.932289e-01 1.844669e+01 1.905651e+01 6.297688e-02
2.095546e-01 1.866456e+01 1.907696e+01 4.276774e-02
2.272596e-01 1.884430e+01 1.971560e+01 8.643380e-02
2.464605e-01 1.910084e+01 1.971873e+01 6.168849e-02
2.672836e-01 1.924827e+01 1.997890e+01 7.180233e-02
2.898661e-01 1.963125e+01 2.045820e+01 7.920854e-02
3.143566e-01 1.967402e+01 2.068361e+01 9.523968e-02
3.409162e-01 1.982353e+01 2.096023e+01 1.055213e-01
3.697198e-01 1.991600e+01 2.118994e+01 1.166254e-01
4.009569e-01 2.025106e+01 2.148036e+01 1.111829e-01
4.348333e-01 2.019858e+01 2.161476e+01 1.267452e-01
4.715719e-01 2.033353e+01 2.191440e+01 1.390730e-01
5.114144e-01 2.035852e+01 2.201942e+01 1.451680e-01
5.546232e-01 2.044269e+01 2.234439e+01 1.629735e-01
6.014826e-01 2.065485e+01 2.248562e+01 1.562099e-01
6.523012e-01 2.057465e+01 2.277893e+01 1.841726e-01
7.074133e-01 2.081411e+01 2.304327e+01 1.841178e-01
7.671818e-01 2.090824e+01 2.308432e+01 1.796467e-01
8.320001e-01 2.097141e+01 2.330347e+01 1.901319e-01
9.022948e-01 2.102062e+01 2.334123e+01 1.889576e-01
9.785286e-01 2.112974e+01 2.361844e+01 1.996389e-01
1.061203e+00 2.118112e+01 2.368629e+01 2.003430e-01
1.150863e+00 2.133580e+01 2.398832e+01 2.089243e-01
1.248098e+00 2.145043e+01 2.411507e+01 2.087840e-01
1.353548e+00 2.138642e+01 2.415893e+01 2.163527e-01
1.467908e+00 2.134501e+01 2.416078e+01 2.195041e-01
1.591930e+00 2.128506e+01 2.422150e+01 2.277680e-01
1.726430e+00 2.117501e+01 2.419066e+01 2.337833e-01
1.872294e+00 2.106217e+01 2.422765e+01 2.442402e-01
2.030482e+00 2.092486e+01 2.410791e+01 2.466345e-01
2.202035e+00 2.083296e+01 2.409816e+01 2.526324e-01
2.388082e+00 2.077417e+01 2.409554e+01 2.566834e-01
2.589849e+00 2.077326e+01 2.418005e+01 2.619341e-01
2.808662e+00 2.076067e+01 2.437450e+01 2.745431e-01
3.045962e+00 2.061847e+01 2.450914e+01 2.922881e-01
3.303312e+00 2.051846e+01 2.451506e+01 2.994749e-01
3.582405e+00 2.034885e+01 2.449133e+01 3.096732e-01
3.885078e+00 2.047796e+01 2.454234e+01 3.037883e-01
4.213323e+00 1.997827e+01 2.441862e+01 3.306187e-01
4.569302e+00 1.960804e+01 2.414734e+01 3.406292e-01
4.955357e+00 1.919168e+01 2.383244e+01 3.515316e-01
5.374029e+00 1.887332e+01 2.367889e+01 3.647070e-01
5.828074e+00 1.858501e+01 2.347785e+01 3.733732e-01
6.320481e+00 1.820707e+01 2.326680e+01 3.876401e-01
6.854491e+00 1.757226e+01 2.294653e+01 4.135628e-01
7.433619e+00 1.706646e+01 2.244794e+01 4.219917e-01
8.061676e+00 1.644259e+01 2.200557e+01 4.416901e-01
8.742798e+00 1.580987e+01 2.156495e+01 4.625230e-01
9.481466e+00 1.522805e+01 2.104563e+01 4.764421e-01
1.028254e+01 1.475854e+01 2.043307e+01 4.783014e-01
1.115130e+01 1.438574e+01 1.983875e+01 4.741815e-01
1.209346e+01 1.425526e+01 1.940997e+01 4.606126e-01
1.311523e+01 1.496902e+01 1.900303e+01 3.795015e-01
1.422332e+01 1.523816e+01 1.826912e+01 3.042873e-01
1.542503e+01 1.351155e+01 1.770688e+01 4.177274e-01
1.672827e+01 1.276619e+01 1.705280e+01 4.395577e-01
1.814162e+01 1.327461e+01 1.709130e+01 3.967555e-01
1.967438e+01 1.268574e+01 1.697490e+01 4.415075e-01
2.133665e+01 1.215176e+01 1.666162e+01 4.680831e-01
2.313936e+01 1.126649e+01 1.552265e+01 4.732001e-01
2.509437e+01 1.071447e+01 1.466280e+01 4.660412e-01
2.721457e+01 1.058535e+01 1.469359e+01 4.810150e-01
2.951389e+01 9.990408e+00 1.411050e+01 4.987184e-01
3.200748e+01 9.719486e+00 1.365960e+01 4.936966e-01
