# Radius [kpc], v_t [km/s], v_r [km/s], ansitropy
1.040674e-02 3.950499e+00 8.342221e+00 7.757458e-01
1.125331e-02 6.965418e+00 3.622165e+00 -2.697923e+00
1.216874e-02 7.292325e+00 6.784444e+00 -1.553233e-01
1.315864e-02 5.338506e+00 7.075133e+00 4.306620e-01
1.422907e-02 8.532710e+00 5.692358e+00 -1.246930e+00
1.538657e-02 1.069520e+01 7.747061e+00 -9.059169e-01
1.663824e-02 7.552058e+00 7.045876e+00 -1.488429e-01
1.799173e-02 7.221462e+00 6.749031e+00 -1.448996e-01
1.945532e-02 6.851614e+00 7.759178e+00 2.202518e-01
2.103797e-02 7.220164e+00 7.174943e+00 -1.264500e-02
2.274936e-02 7.202416e+00 1.023366e+01 5.046705e-01
2.459997e-02 8.066018e+00 8.007126e+00 -1.476383e-02
2.660113e-02 8.587721e+00 7.601468e+00 -2.763238e-01
2.876508e-02 8.565442e+00 9.151214e+00 1.239233e-01
3.110506e-02 8.263412e+00 6.165827e+00 -7.961236e-01
3.363539e-02 9.853257e+00 9.374265e+00 -1.048038e-01
3.637156e-02 8.711101e+00 9.786254e+00 2.076572e-01
3.933031e-02 9.424726e+00 8.888080e+00 -1.244019e-01
4.252975e-02 9.691088e+00 8.728951e+00 -2.325967e-01
4.598945e-02 9.295975e+00 8.952743e+00 -7.814624e-02
4.973060e-02 9.763113e+00 9.256505e+00 -1.124553e-01
5.377608e-02 1.011492e+01 9.243188e+00 -1.975167e-01
5.815065e-02 1.040689e+01 9.598056e+00 -1.756438e-01
6.288109e-02 1.027290e+01 1.013169e+01 -2.806952e-02
6.799633e-02 1.039548e+01 9.724650e+00 -1.427226e-01
7.352769e-02 1.049616e+01 9.862632e+00 -1.325965e-01
7.950902e-02 1.082528e+01 1.094661e+01 2.204329e-02
8.597691e-02 1.109823e+01 1.076534e+01 -6.280092e-02
9.297096e-02 1.131167e+01 1.109888e+01 -3.871197e-02
1.005340e-01 1.107583e+01 1.090173e+01 -3.219613e-02
1.087122e-01 1.139715e+01 1.127493e+01 -2.179594e-02
1.175557e-01 1.187798e+01 1.174473e+01 -2.282078e-02
1.271186e-01 1.191880e+01 1.156524e+01 -6.207741e-02
1.374594e-01 1.194773e+01 1.189904e+01 -8.200121e-03
1.486415e-01 1.227558e+01 1.209426e+01 -3.020932e-02
1.607331e-01 1.267521e+01 1.225329e+01 -7.005146e-02
1.738085e-01 1.290528e+01 1.278206e+01 -1.937385e-02
1.879474e-01 1.299980e+01 1.271812e+01 -4.478649e-02
2.032365e-01 1.275186e+01 1.277934e+01 4.296485e-03
2.197694e-01 1.292973e+01 1.290139e+01 -4.398043e-03
2.376472e-01 1.338843e+01 1.343514e+01 6.942733e-03
2.569793e-01 1.338407e+01 1.349732e+01 1.671078e-02
2.778840e-01 1.342940e+01 1.356238e+01 1.951281e-02
3.004893e-01 1.354394e+01 1.372760e+01 2.657798e-02
3.249335e-01 1.370636e+01 1.390902e+01 2.892793e-02
3.513662e-01 1.401074e+01 1.412666e+01 1.634389e-02
3.799491e-01 1.409056e+01 1.443219e+01 4.678326e-02
4.108572e-01 1.420328e+01 1.449989e+01 4.049352e-02
4.442795e-01 1.435670e+01 1.461864e+01 3.551486e-02
4.804207e-01 1.436248e+01 1.475279e+01 5.221357e-02
5.195020e-01 1.448605e+01 1.518138e+01 8.950517e-02
5.617624e-01 1.459203e+01 1.523321e+01 8.241014e-02
6.074606e-01 1.467449e+01 1.530702e+01 8.093814e-02
6.568762e-01 1.480995e+01 1.547431e+01 8.402224e-02
7.103118e-01 1.473782e+01 1.564088e+01 1.121412e-01
7.680941e-01 1.485927e+01 1.564833e+01 9.830655e-02
8.305770e-01 1.478330e+01 1.566435e+01 1.093275e-01
8.981427e-01 1.473171e+01 1.582351e+01 1.332374e-01
9.712048e-01 1.467909e+01 1.605772e+01 1.643384e-01
1.050210e+00 1.477094e+01 1.638678e+01 1.874889e-01
1.135643e+00 1.483479e+01 1.630072e+01 1.717733e-01
1.228025e+00 1.458395e+01 1.603196e+01 1.724832e-01
1.327922e+00 1.447758e+01 1.589708e+01 1.706126e-01
1.435946e+00 1.441781e+01 1.590120e+01 1.778730e-01
1.552757e+00 1.437744e+01 1.585044e+01 1.772253e-01
1.679071e+00 1.447798e+01 1.566798e+01 1.461336e-01
1.815660e+00 1.420293e+01 1.557958e+01 1.689168e-01
1.963360e+00 1.402353e+01 1.555389e+01 1.871007e-01
2.123075e+00 1.390720e+01 1.542600e+01 1.872200e-01
2.295783e+00 1.378248e+01 1.533087e+01 1.917964e-01
2.482540e+00 1.371424e+01 1.520146e+01 1.860972e-01
2.684489e+00 1.374398e+01 1.513653e+01 1.755351e-01
2.902867e+00 1.385310e+01 1.512843e+01 1.614941e-01
3.139009e+00 1.364197e+01 1.490551e+01 1.623534e-01
3.394361e+00 1.362951e+01 1.468319e+01 1.383723e-01
3.670485e+00 1.353599e+01 1.463176e+01 1.441712e-01
3.969071e+00 1.344027e+01 1.442774e+01 1.322001e-01
4.291947e+00 1.337161e+01 1.424617e+01 1.190101e-01
4.641088e+00 1.325777e+01 1.398450e+01 1.012330e-01
5.018631e+00 1.311055e+01 1.373421e+01 8.875635e-02
5.426886e+00 1.306852e+01 1.358496e+01 7.458608e-02
5.868352e+00 1.275132e+01 1.336629e+01 8.990149e-02
6.345730e+00 1.247092e+01 1.287458e+01 6.172395e-02
6.861942e+00 1.227669e+01 1.275090e+01 7.299686e-02
7.420147e+00 1.216460e+01 1.269243e+01 8.144206e-02
8.023761e+00 1.208433e+01 1.261146e+01 8.184868e-02
8.676477e+00 1.177531e+01 1.228297e+01 8.095306e-02
9.382290e+00 1.156144e+01 1.208771e+01 8.517967e-02
1.014552e+01 1.114499e+01 1.194718e+01 1.297814e-01
1.097084e+01 1.106172e+01 1.169179e+01 1.048756e-01
1.186329e+01 1.067163e+01 1.181057e+01 1.835675e-01
1.282835e+01 1.007566e+01 1.241718e+01 3.415829e-01
1.387191e+01 1.020798e+01 1.179173e+01 2.505802e-01
1.500036e+01 9.940693e+00 1.098527e+01 1.811354e-01
1.622060e+01 9.596568e+00 1.055507e+01 1.733730e-01
1.754012e+01 9.203698e+00 1.010544e+01 1.705044e-01
1.896697e+01 8.471981e+00 9.796554e+00 2.521349e-01
2.050989e+01 8.160693e+00 9.570425e+00 2.729042e-01
2.217833e+01 7.859145e+00 9.338109e+00 2.916748e-01
2.398249e+01 7.618532e+00 9.443239e+00 3.491204e-01
