0.009851593726503169 0.0808128544423441
0.010458767760290383 0.08364839319470685
0.011355200452592553 0.0893194706994328
0.01242097947560012 0.1006616257088846
0.013485595530525606 0.10916824196597341
0.01475132966610552 0.11767485822306223
0.016015682644458372 0.12901701323251402
0.01738840473190535 0.14035916824196581
0.018878784366095545 0.1517013232514176
0.02026834004100306 0.16162570888468808
0.02176017269181247 0.1701323251417769
0.02353711594779345 0.1814744801512287
0.025459165006917448 0.19423440453686192
0.02816276716539642 0.209829867674858
0.03127014320383869 0.22400756143667278
0.03459083446134357 0.23818525519848766
0.037555653604081675 0.24952741020793945
0.04062246131470432 0.26228733459357256
0.04377576721071881 0.27362948960302436
0.04770582696143935 0.2863894139886577
0.05218341147110976 0.29914933837429103
0.05644472696712872 0.3090737240075613
0.06105402296585333 0.32041587901701307
0.06728559201536743 0.33459357277882773
0.07305271542664457 0.3487712665406425
0.079314145441233 0.35869565217391286
0.08611224963143028 0.3672022684310017
0.0934930269415822 0.3757088846880906
0.10150641893704572 0.3842155009451794
0.11186682154194656 0.39413988657844967
0.12328467394420672 0.4026465028355386
0.1353609851546995 0.409735349716446
0.14917680407417563 0.4182419659735348
0.16501843632646468 0.42674858223062373
0.17916235122600735 0.4338374291115311
0.19744882128159377 0.44376181474480136
0.2176017269181246 0.45085066162570864
0.2434241355236922 0.4565217391304346
0.26627149417826085 0.46219281663516054
0.2923540341023624 0.4678638941398865
0.3234001818226201 0.47353497164461233
0.35375395067614057 0.4792060491493383
0.39132038085398 0.4834593572778826
0.43612440465582936 0.4877126654064271
0.4806380863064389 0.4905482041587901
0.5296951226350697 0.4948015122873345
0.5881397322179787 0.49763705103969735
0.6409411892036024 0.5018903591682419
0.7143254178348701 0.5047258979206047
0.7931414544123292 0.5075614366729677
0.8740946086699414 0.5118147448015121
0.9561355820489483 0.5160680529300565
1.0497935403242349 0.5174858223062381
1.1699891065890664 0.5189035916824195
1.3088296259282053 0.5203213610586009
1.4532410679618502 0.5217391304347824
1.5837087808816266 0.5245746691871455
1.7002762187632259 0.5274102079395083
1.8460087967663685 0.5288279773156899
