0.014011 9.565781 5.879573 17.965775 3.945858 38.731417 94.478713 2.827571
0.021322 8.948688 5.717639 15.398347 3.862077 29.545320 63.119343 2.823217
0.026787 8.600918 5.624627 14.237674 3.849235 26.070632 50.852410 2.818403
0.031602 8.405446 5.553133 13.509445 3.839009 23.942549 43.197756 2.813745
0.034261 8.312207 5.520751 13.159566 3.844432 23.019320 40.093674 2.813620
0.036923 8.222952 5.500069 12.918202 3.831619 21.994441 37.783779 2.815338
0.040899 8.141112 5.477366 12.571315 3.824564 20.947061 35.343533 2.817256
0.043123 8.088038 5.471757 12.401360 3.834599 20.587834 34.190400 2.820070
0.044692 8.056832 5.463476 12.318904 3.845406 20.329011 33.443061 2.822761
0.048163 8.014430 5.458979 12.092302 3.858226 19.803034 31.956688 2.830696
0.050735 7.971602 5.446791 11.976067 3.864491 19.555212 30.984483 2.838255
0.052488 7.938919 5.443513 11.889440 3.869941 19.272307 30.376012 2.844366
0.055935 7.905601 5.459899 11.760732 3.877768 18.778991 29.325878 2.866460
0.058924 7.882174 5.462488 11.664152 3.890924 18.340036 28.459492 2.882715
0.060705 7.877575 5.468541 11.627442 3.906486 18.239609 28.004270 2.890255
0.063060 7.857572 5.474550 11.552254 3.928900 18.005742 27.440671 2.901129
0.064870 7.847699 5.484439 11.485670 3.946646 17.889055 27.016646 2.909951
0.066764 7.830699 5.485045 11.403023 3.965064 17.734134 26.579631 2.919589
0.068272 7.822194 5.496977 11.365935 3.968352 17.495523 26.232907 2.927581
0.070332 7.808278 5.509180 11.296353 3.986754 17.256217 25.651218 2.938975
0.072418 7.795116 5.522681 11.239545 4.010401 17.039733 25.055312 2.951099
0.074203 7.788950 5.526169 11.196392 4.024894 16.866344 24.750487 2.961962
0.076087 7.782431 5.540063 11.137983 4.037993 16.736332 24.527642 2.975006
0.077970 7.785211 5.550903 11.086067 4.050872 16.622157 24.233780 2.988834
0.079737 7.771298 5.554222 11.038381 4.064522 16.513277 23.994076 3.002286
0.082667 7.764814 5.562766 10.969935 4.082888 16.219318 23.604036 3.025612
0.084901 7.774617 5.569135 10.899916 4.106030 16.066311 23.314406 3.044275
0.086283 7.775136 5.573054 10.884070 4.116256 15.953394 23.139318 3.056192
0.087831 7.773920 5.585521 10.862502 4.129026 15.831424 22.946898 3.069898
0.089389 7.773779 5.598136 10.838605 4.137282 15.752133 22.757704 3.084054
0.091284 7.780300 5.615979 10.804760 4.148576 15.659732 22.533496 3.101789
0.092916 7.774494 5.632101 10.794500 4.164062 15.538757 22.345919 3.117506
0.094192 7.778744 5.639528 10.783964 4.179049 15.474105 22.184911 3.130083
0.095672 7.785699 5.653661 10.769926 4.196818 15.378286 21.941608 3.144994
0.097021 7.801882 5.671351 10.751508 4.214165 15.302600 21.727147 3.158881
0.098697 7.809512 5.687858 10.742654 4.234414 15.207569 21.470066 3.176528
0.100390 7.823002 5.699152 10.740389 4.256225 15.112501 21.220391 3.194808
0.102698 7.843686 5.721703 10.721733 4.279255 15.014833 20.895629 3.220458
0.105042 7.863461 5.741654 10.718884 4.295282 14.958557 20.583406 3.247369
0.107372 7.882871 5.766845 10.700721 4.325675 14.904840 20.340533 3.274998
0.109037 7.894690 5.786694 10.705847 4.348066 14.830788 20.249980 3.295449
0.110100 7.901958 5.797622 10.710774 4.362656 14.797635 20.194066 3.308781
0.111331 7.909744 5.807981 10.705034 4.379848 14.762520 20.131124 3.324452
0.113333 7.924558 5.829783 10.702105 4.412493 14.671905 20.032899 3.350470
0.115217 7.947958 5.853518 10.706510 4.432794 14.663846 19.945198 3.375532
0.117026 7.963770 5.875586 10.711686 4.450352 14.628294 19.865157 3.400155
0.118618 7.981689 5.895923 10.721791 4.467528 14.617005 19.798154 3.422248
0.120006 7.996364 5.912752 10.738345 4.482939 14.586021 19.742238 3.441866
0.121634 8.012309 5.934876 10.742896 4.506759 14.552608 19.679710 3.465254
0.123469 8.047710 5.958590 10.762044 4.529561 14.537062 19.613007 3.492154
0.124867 8.065574 5.983300 10.780619 4.546737 14.513721 19.564621 3.513013
0.127309 8.100919 6.025475 10.795578 4.585509 14.507613 19.482852 3.550053
0.128878 8.129668 6.048895 10.802543 4.613958 14.476339 19.432121 3.574267
0.129968 8.144860 6.064196 10.811545 4.628914 14.486825 19.397740 3.591288
0.132546 8.175846 6.103195 10.843590 4.677216 14.448707 19.268855 3.632201
0.133845 8.192578 6.122822 10.860118 4.696185 14.426423 19.228520 3.653176
0.136010 8.220381 6.153852 10.872972 4.724686 14.390841 19.211748 3.688653
0.137787 8.244054 6.177149 10.888700 4.748840 14.444958 19.173349 3.718276
0.139647 8.273361 6.205722 10.909149 4.776171 14.419566 19.125989 3.749773
0.141168 8.296441 6.227115 10.930521 4.799200 14.396189 19.089011 3.775919
0.142106 8.306782 6.242418 10.939739 4.813632 14.379684 19.067007 3.792315
0.143294 8.328835 6.264812 10.954325 4.832164 14.359686 19.040017 3.813639
0.144754 8.354301 6.286127 10.971264 4.855337 14.349798 19.008177 3.840193
0.146524 8.377379 6.311331 10.992084 4.889769 14.386732 18.971580 3.872870
0.148239 8.408078 6.344049 11.012766 4.926098 14.424913 18.938188 3.905062
0.149588 8.431600 6.369691 11.029413 4.950542 14.435947 18.913346 3.930758
0.151085 8.455089 6.390473 11.054900 4.975217 14.441875 18.887267 3.959631
0.152827 8.489423 6.427538 11.076983 5.010403 14.415458 18.858851 3.993739
0.154606 8.525085 6.461492 11.100277 5.043178 14.449621 18.831973 4.029131
0.155725 8.550999 6.483511 11.118985 5.069180 14.471494 18.816168 4.051683
0.157212 8.581217 6.506573 11.145477 5.100787 14.480074 18.796470 4.082006
0.159104 8.621788 6.546880 11.170671 5.140610 14.460296 18.773557 4.121155
0.160557 8.650570 6.578305 11.197339 5.170833 14.468038 18.757579 4.151655
0.162242 8.684267 6.605134 11.225647 5.200873 14.463956 18.740790 4.187506
0.163478 8.710240 6.630545 11.250805 5.223382 14.485546 18.729656 4.214125
0.164592 8.729476 6.655215 11.264588 5.243656 14.479192 18.720465 4.238366
0.165759 8.752865 6.680650 11.279467 5.265086 14.473152 18.711692 4.264004
0.167077 8.779283 6.708416 11.304705 5.291609 14.486459 18.702831 4.293252
0.168871 8.815428 6.748682 11.349046 5.335628 14.526156 18.692534 4.333574
0.170432 8.853082 6.785141 11.372515 5.374492 14.541847 18.685206 4.369158
0.172246 8.893934 6.826906 11.406130 5.413016 14.565890 18.678581 4.411069
0.174074 8.935741 6.863385 11.439491 5.461559 14.596006 18.673932 4.453933
0.175348 8.958769 6.894186 11.462445 5.496599 14.617288 18.671882 4.484173
0.176774 8.994319 6.928952 11.486420 5.533726 14.639527 18.670733 4.518372
0.177794 9.014905 6.950043 11.511491 5.557725 14.644103 18.670646 4.543069
0.178642 9.032799 6.970712 11.529059 5.568910 14.648545 18.671037 4.563762
0.180811 9.084612 7.020707 11.579307 5.606279 14.684240 18.673926 4.612343
0.182487 9.127567 7.061571 11.623759 5.653161 14.702914 18.666293 4.650426
0.183681 9.156733 7.087043 11.648971 5.686898 14.725181 18.638124 4.677834
0.184512 9.176230 7.105175 11.671609 5.710565 14.736660 18.619149 4.697063
0.185725 9.212003 7.134932 11.700280 5.732099 14.757117 18.592354 4.725371
0.187900 9.268282 7.186825 11.753238 5.786809 14.777386 18.547059 4.781328
0.189012 9.296542 7.214668 11.783337 5.819090 14.788618 18.525191 4.810497
0.190353 9.333735 7.248472 11.817003 5.852209 14.804977 18.499998 4.845960
0.193235 9.418912 7.324680 11.901192 5.913021 14.877304 18.450041 4.923335
0.194825 9.464123 7.366244 11.943050 5.946881 14.887972 18.424843 4.966743
0.197043 9.522541 7.426614 12.006317 5.993314 14.948044 18.392473 5.028065
0.198618 9.563755 7.468648 12.053412 6.033526 15.002985 18.371384 5.072202
0.200395 9.613156 7.513614 12.105592 6.077144 15.043378 18.349436 5.122600
0.201935 9.661353 7.552298 12.142495 6.109898 15.088672 18.368802 5.166766
0.203535 9.711706 7.590990 12.184856 6.157163 15.102453 18.424312 5.213172
0.205862 9.781712 7.655797 12.251694 6.229231 15.133235 18.506520 5.281564
0.207939 9.839834 7.718464 12.311455 6.276507 15.187521 18.581382 5.343520
0.210213 9.914922 7.781275 12.389506 6.329620 15.219345 18.650250 5.408496
0.211545 9.955418 7.821999 12.427446 6.363896 15.261963 18.642337 5.443377
0.212650 9.990837 7.853085 12.464022 6.390340 15.293517 18.636575 5.472541
0.214439 10.044650 7.904819 12.525533 6.437139 15.346511 18.628757 5.520224
0.215964 10.096193 7.948934 12.572565 6.470883 15.385343 18.623541 5.561323
0.217960 10.163636 8.010122 12.640626 6.533767 15.449774 18.618682 5.615764
0.219193 10.209720 8.049026 12.677462 6.571541 15.484090 18.616778 5.649712
0.221626 10.288269 8.129484 12.758523 6.635708 15.576297 18.635469 5.717569
0.223363 10.344717 8.179138 12.831926 6.689669 15.611053 18.668663 5.766663
0.225464 10.416438 8.248691 12.909296 6.756924 15.685242 18.710098 5.827925
0.226833 10.459158 8.296740 12.957055 6.801226 15.722873 18.737876 5.872398
0.227674 10.484870 8.320522 12.989041 6.829012 15.747763 18.755648 5.899878
0.228599 10.519005 8.349217 13.024795 6.856799 15.784379 18.779355 5.930319
0.229833 10.565572 8.386739 13.068964 6.896009 15.816644 18.811361 5.971132
0.230957 10.606466 8.422688 13.109691 6.930449 15.846408 18.840981 6.008631
0.232930 10.674968 8.488955 13.186053 6.988926 15.914615 18.893913 6.069741
0.234414 10.722224 8.531650 13.246226 7.033421 15.983033 18.934528 6.112503
0.235868 10.770587 8.580957 13.306150 7.087894 16.027006 18.975035 6.154801
0.238310 10.864090 8.661280 13.396689 7.165660 16.127212 19.044501 6.226588
0.239827 10.923034 8.710945 13.459882 7.214930 16.178682 19.088591 6.271698
0.242447 11.028705 8.794715 13.564632 7.293091 16.282077 19.166407 6.354546
0.243797 11.078013 8.842422 13.623319 7.327985 16.345377 19.207305 6.403225
0.245151 11.127840 8.894614 13.679850 7.371414 16.422003 19.248874 6.445607
0.246501 11.180659 8.942479 13.738711 7.405316 16.479418 19.290881 6.496398
0.248439 11.258868 9.008092 13.826068 7.461476 16.559820 19.352085 6.570078
0.249733 11.306191 9.051797 13.871820 7.501648 16.620287 19.393162 6.619398
0.250875 11.349284 9.096901 13.925492 7.540129 16.666805 19.429378 6.662850
0.253352 11.450434 9.181526 14.017571 7.632846 16.787778 19.507873 6.755286
0.256582 11.576987 9.293713 14.162678 7.730168 16.935526 19.610132 6.874055
0.258508 11.652061 9.362077 14.250374 7.792582 17.036329 19.671081 6.927996
0.260973 11.742589 9.448246 14.349485 7.873080 17.158691 19.749202 6.995638
0.263414 11.827505 9.533981 14.460230 7.957077 17.263344 19.826609 7.052935
0.265175 11.890639 9.593855 14.543626 8.010858 17.339366 19.882546 7.094599
0.268438 12.015020 9.710046 14.689028 8.116893 17.508765 19.986427 7.201573
0.271649 12.142474 9.815314 14.836642 8.222757 17.663723 20.135181 7.309827
0.272985 12.198485 9.860939 14.887852 8.266932 17.703641 20.201708 7.354993
0.274998 12.274064 9.931770 14.976975 8.331523 17.803326 20.302252 7.423282
0.277092 12.359566 10.004987 15.070160 8.403452 17.887152 20.407136 7.494555
0.279732 12.466028 10.096173 15.195725 8.487181 18.020829 20.537102 7.584782
0.282245 12.569440 10.185732 15.327175 8.567243 18.120008 20.614575 7.671048
0.284313 12.650796 10.253845 15.426308 8.639333 18.218340 20.679403 7.742371
0.287249 12.766717 10.357991 15.558147 8.742679 18.334910 20.773041 7.844115
0.289974 12.875411 10.451537 15.678071 8.834378 18.459122 20.861606 7.939075
0.291879 12.957644 10.526279 15.762782 8.905280 18.545681 20.938567 8.005766
0.294402 13.062121 10.618556 15.885407 8.990337 18.673576 21.060597 8.092083
0.297180 13.167845 10.716216 16.015494 9.086718 18.786411 21.194794 8.181741
0.299627 13.269206 10.810573 16.122834 9.171910 18.876002 21.312815 8.261292
0.302109 13.377942 10.901027 16.241506 9.256327 19.000480 21.432418 8.342565
0.303821 13.443682 10.960312 16.326784 9.311226 19.092250 21.514835 8.398944
0.305884 13.525891 11.032001 16.425611 9.388850 19.210604 21.614124 8.467263
0.307840 13.600961 11.103691 16.526360 9.461232 19.318485 21.685285 8.532419
0.311161 13.739282 11.223648 16.687723 9.565945 19.470528 21.796477 8.643907
0.313483 13.831115 11.308485 16.797346 9.648276 19.566401 21.875543 8.722498
0.315204 13.900321 11.371681 16.884357 9.700960 19.649737 21.934828 8.781084
0.318572 14.037272 11.491926 17.048533 9.799573 19.808169 22.052510 8.896570
0.320174 14.113059 11.554682 17.131605 9.858530 19.886815 22.131522 8.951918
0.321874 14.184471 11.615453 17.214769 9.925072 19.966050 22.219271 9.010932
0.324460 14.290590 11.714101 17.339751 10.026525 20.104341 22.353014 9.101229
0.326264 14.373746 11.785233 17.417980 10.097498 20.220847 22.446542 9.164622
0.328688 14.481598 11.873924 17.541305 10.188391 20.340348 22.572527 9.250331
0.331435 14.593674 11.976224 17.674956 10.284788 20.467333 22.715766 9.348211
0.334957 14.743137 12.105466 17.847695 10.409221 20.651633 22.900065 9.471189
0.338593 14.903425 12.246621 18.040218 10.544614 20.831558 23.091162 9.598910
0.342071 15.056621 12.386232 18.237500 10.676399 21.010875 23.274820 9.722116
0.345363 15.201147 12.514769 18.399252 10.786530 21.204298 23.449346 9.846628
0.347363 15.290619 12.597509 18.511426 10.864538 21.315391 23.555781 9.922805
0.350744 15.433183 12.731612 18.693276 10.996837 21.496138 23.717241 10.052451
0.353241 15.547925 12.829546 18.824364 11.094821 21.636341 23.822071 10.147688
0.356486 15.691558 12.959408 18.992402 11.215468 21.796188 23.980728 10.267994
0.359761 15.839600 13.101110 19.171357 11.348674 21.968419 24.167362 10.390315
0.363834 16.029428 13.272252 19.387089 11.496495 22.171627 24.400338 10.543754
0.368270 16.221399 13.452247 19.626972 11.671089 22.414547 24.628712 10.712539
0.370513 16.330066 13.554120 19.751952 11.763873 22.540558 24.734347 10.797928
0.376399 16.614444 13.789509 20.075693 12.007862 22.877600 25.063619 10.998778
0.378918 16.737895 13.894522 20.229019 12.110786 23.014850 25.215146 11.093280
0.382238 16.897913 14.037181 20.415440 12.254792 23.215518 25.369615 11.218973
0.386087 17.082431 14.196354 20.636597 12.400651 23.475969 25.573400 11.366242
0.390840 17.309573 14.394102 20.928638 12.594242 23.733976 25.846297 11.552156
0.394724 17.500030 14.560777 21.165946 12.761079 23.970154 26.102185 11.706558
0.398308 17.670221 14.720392 21.387946 12.912682 24.154555 26.345111 11.850150
0.402294 17.868843 14.894380 21.619604 13.083987 24.384945 26.594372 12.011196
0.406380 18.078251 15.069308 21.861658 13.266316 24.640412 26.829581 12.177698
0.410852 18.304469 15.271486 22.130571 13.456619 24.918903 27.088514 12.361631
0.418133 18.684637 15.597121 22.558250 13.792658 25.380201 27.513357 12.665071
0.423121 18.942776 15.816457 22.859411 14.006280 25.705848 27.806733 12.892026
0.428519 19.224601 16.056050 23.195973 14.236710 26.030600 28.126359 13.125785
0.432440 19.427851 16.238979 23.438054 14.410903 26.283263 28.359899 13.294518
0.435382 19.580712 16.371702 23.624665 14.544409 26.477075 28.535865 13.432108
0.439498 19.795122 16.570370 23.884237 14.731717 26.757257 28.783178 13.626130
0.447569 20.233454 16.931523 24.401708 15.096169 27.299346 29.271776 14.009080
0.452693 20.516950 17.175604 24.741804 15.318131 27.630652 29.605709 14.210808
0.458871 20.856221 17.469504 25.135099 15.613638 28.068961 30.083198 14.468458
0.464067 21.157176 17.705532 25.473180 15.847931 28.406414 30.468767 14.706744
0.470232 21.498885 17.994603 25.879568 16.134912 28.803073 30.863855 14.971922
0.473497 21.687287 18.154130 26.103369 16.286104 29.063324 31.074108 15.106845
0.477997 21.937507 18.376679 26.400582 16.499679 29.367109 31.365027 15.300246
0.484231 22.286110 18.680895 26.817974 16.806605 29.790107 31.835765 15.589526
0.489966 22.613125 18.970886 27.212398 17.072212 30.219020 32.274982 15.861498
0.498732 23.127118 19.400125 27.815606 17.521468 30.853969 32.869787 16.283276
0.505188 23.516056 19.711052 28.271144 17.848127 31.330666 33.387216 16.594723
0.512062 23.905239 20.053835 28.733379 18.182835 31.847827 33.916495 16.925638
0.517920 24.244178 20.342348 29.150034 18.457668 32.309846 34.394831 17.207055
0.526900 24.777843 20.785686 29.766977 18.869185 32.971353 35.094376 17.637715
0.533149 25.142848 21.096048 30.202047 19.154386 33.423121 35.576379 17.934293
0.539940 25.534884 21.422902 30.681878 19.465991 33.931141 36.095862 18.119943
0.546545 25.917206 21.733092 31.140855 19.797666 34.439066 36.597029 18.338320
0.557589 26.552699 22.258941 31.893431 20.283896 35.277668 37.487018 18.799986
0.568206 27.152837 22.776256 32.612034 20.797555 36.047536 38.439971 19.233485
0.578543 27.747297 23.270619 33.307328 21.282422 36.815098 39.250784 19.717474
0.588784 28.328165 23.742004 33.999721 21.724986 37.567222 40.093091 20.050094
0.600042 28.966654 24.277233 34.783439 22.190708 38.368382 40.950748 20.470055
0.613933 29.761993 24.945375 35.712931 22.768639 39.366379 42.106602 20.961380
0.623256 30.295067 25.400844 36.323304 23.221757 40.056210 42.730397 21.217801
0.633441 30.878160 25.876748 36.994841 23.662784 40.795167 43.645889 21.542620
0.646216 31.588350 26.505010 37.827635 24.184241 41.728200 44.602228 21.953127
0.654850 32.076869 26.903832 38.405158 24.513733 42.371369 45.235332 22.264410
0.664047 32.600439 27.328082 39.022854 24.873079 43.095756 45.961309 22.543037
0.676079 33.297379 27.892512 39.822917 25.382249 43.986059 46.968513 22.913405
0.683376 33.678063 28.233041 40.302440 25.705263 44.540437 47.595504 23.208033
0.692208 34.184311 28.657350 40.892671 26.068708 45.188560 48.353685 23.571254
0.703415 34.827366 29.196582 41.663150 26.525330 46.009014 49.314838 24.034799
0.714565 35.437007 29.707854 42.381383 26.937416 46.841087 50.270197 24.428459
0.723768 35.954978 30.142303 42.985715 27.301138 47.496418 51.058141 24.709427
0.736410 36.653273 30.758736 43.796592 27.806083 48.422716 52.139808 25.244786
0.758984 37.908747 31.806936 45.318920 28.715119 50.094769 53.967368 26.187076
0.778429 39.014570 32.697787 46.623740 29.463440 51.592438 55.536110 26.703903
0.800053 40.213232 33.655981 48.088200 30.276421 53.194806 57.277006 27.275097
0.817192 41.142553 34.456233 49.198703 30.924378 54.474123 58.734971 27.725247
0.832873 42.039676 35.165125 50.241084 31.494224 55.654853 60.099180 28.250060
0.853642 43.186145 36.104109 51.615574 32.282934 57.264771 61.899084 28.951988
0.875771 44.402268 37.112690 53.097856 33.092071 59.004510 63.693488 29.698833
0.901002 45.771359 38.274769 54.738423 34.004543 61.042649 66.042949 30.549112
0.925688 47.102795 39.375601 56.418290 34.922204 63.025504 68.143044 31.312115
0.949112 48.352971 40.382537 57.954925 35.809355 64.803710 70.225849 32.003881
0.976477 49.871715 41.658381 59.768962 36.822278 66.969348 72.479939 32.755902
1.004205 51.367024 42.890697 61.655481 37.844777 69.164403 74.762446 33.532487
1.039224 53.259932 44.494493 64.001138 39.095517 71.937630 77.714810 34.668131
1.073231 55.106666 46.041445 66.265340 40.260765 74.616940 80.794404 35.776488
1.120497 57.727333 48.178300 69.481948 41.887590 78.301368 85.055707 37.255260
1.164379 60.178732 50.111023 72.584333 43.361322 81.922775 89.097095 38.345451
1.227689 63.702385 52.935231 76.943497 45.549055 87.098363 94.964316 40.063279
1.306971 67.976313 56.353581 82.446520 48.197137 93.568346 102.249623 42.304039
1.411547 73.646615 60.790745 89.840713 51.576341 102.622843 112.557053 45.093720
1.503696 78.776043 64.728159 96.444614 54.699066 110.423277 121.794671 47.281118
1.648603 86.630424 70.766854 106.723299 59.225220 122.927864 136.735770 50.872068
1.827122 96.474798 77.978580 119.658183 64.725496 138.633357 155.153088 55.204183
2.086177 110.729739 88.229457 138.488410 72.028187 161.896414 184.514642 60.513804
