0.014011 416.454715 349.426011 491.207051 325.042561 527.636146 533.316496 320.295802
0.021322 1458.190705 1223.493796 1719.931436 1138.116639 1847.485683 1867.375081 1121.496153
0.026787 2872.294701 2409.996673 3387.862734 2241.823638 3639.114772 3678.292236 2209.085167
0.031602 4682.858471 3929.148820 5523.417112 3654.967163 5933.046993 5996.920146 3601.591851
0.034261 5941.131725 4984.902031 7007.546531 4637.048396 7527.243013 7608.278736 4569.331261
0.036923 7401.151613 6209.930602 8729.635483 5776.592712 9377.046219 9477.996289 5692.234242
0.040899 9981.550954 8375.012696 11773.208541 7790.592263 12646.337965 12782.484112 7676.822351
0.043123 11645.937319 9771.514803 13736.347120 9089.644444 14755.067617 14913.915626 8956.903823
0.044692 12919.423190 10840.032150 15238.419774 10083.599113 16368.537587 16544.755661 9936.343276
0.048163 16041.821561 13459.878116 18921.279015 12520.628458 20324.526516 20543.333413 12337.783464
0.050735 18634.069640 15634.901884 21978.827622 14543.875939 23608.830272 23862.994859 14331.484451
0.052488 20542.509532 17236.176916 24229.826584 16033.411696 26026.768724 26306.964009 15799.267773
0.055935 24635.970213 20670.791971 29058.050822 19228.354372 31213.065669 31549.094852 18947.553104
0.058924 28561.534822 23964.533954 33688.242161 22292.254302 36186.643119 36576.216135 21966.709372
0.060705 31070.139853 26069.377088 36647.134052 24250.218453 39364.973540 39788.763373 23896.080395
0.063060 34585.865970 29019.244398 40793.922155 26994.239779 43819.297410 44291.040969 26600.029406
0.064870 37443.054152 31416.565958 44163.966797 29224.272792 47439.272657 47949.987631 28797.496132
0.066764 40577.753172 34046.732774 47861.334615 31670.902784 51410.846154 51964.317729 31208.396764
0.068272 43180.781565 36230.801757 50931.598570 33702.564291 54708.808258 55297.784564 33210.388903
0.070332 46890.347719 39343.310402 55307.020398 36597.877606 59408.721879 60048.295847 36063.420510
0.072418 50829.394266 42648.364395 59953.113642 39672.300177 64399.380557 65092.682248 39092.945753
0.074203 54348.327283 45600.922452 64103.684273 42418.824486 68857.767476 69599.066635 41799.361194
0.076087 58208.159333 48839.511583 68656.344262 45431.420208 73748.063666 74542.010080 44767.962476
0.077970 62216.839244 52202.991397 73384.569843 48560.191562 78826.945813 79675.569734 47851.042818
0.079737 66116.378412 55474.896754 77984.064255 51603.778657 83767.549778 84669.362551 50850.182890
0.082667 72873.740090 61144.655904 85954.351497 56877.893857 92328.932666 93322.914357 56047.277550
0.084901 78272.737571 65674.680613 92322.452361 61091.806925 99169.307187 100236.930009 60199.652740
0.086283 81715.390159 68563.235634 96383.050461 63778.794422 103531.048996 104645.628838 62847.400815
0.087831 85669.974286 71881.326422 101047.470232 66865.344062 108541.393341 109709.912836 65888.876028
0.089389 89747.946025 75302.945492 105857.425312 70048.197631 113708.066243 114932.208370 69025.248796
0.091284 94847.057878 79581.351393 111871.812002 74028.050214 120168.494297 121462.187181 72946.981603
0.092916 99356.255679 83364.790361 117190.396890 77547.475367 125881.518216 127236.715560 76415.010832
0.094192 102957.409252 86386.335513 121437.946414 80358.172752 130444.076215 131848.392497 79184.662199
0.095672 107218.595800 89961.680827 126464.002794 83684.025328 135842.877009 137305.314933 82461.945687
0.097021 111178.530230 93284.260784 131134.733232 86774.750875 140860.000035 142376.450588 85507.535825
0.098697 116198.240660 97496.044982 137055.466189 90692.630713 147219.828770 148804.747063 89368.200906
0.100390 121382.940936 101846.263784 143170.804161 94739.284990 153788.694895 155444.331353 93355.759867
0.102698 128631.404894 107928.081926 151720.345026 100396.705113 162972.290247 164726.794149 98930.561858
0.105042 136201.144207 114279.465909 160648.829180 106304.880384 172562.932231 174420.685703 104752.457093
0.107372 143934.499736 120768.131953 169770.298156 112340.757978 182360.871257 184324.105987 110700.189750
0.109037 149581.065119 125505.878320 176430.404596 116747.897589 189514.907188 191555.159821 115042.969698
0.110100 153237.956497 128574.190235 180743.696689 119602.098284 194148.083383 196238.215205 117855.489075
0.111331 157524.976372 132171.210983 185800.223399 122948.113750 199579.614259 201728.220083 121152.641005
0.113333 164614.120366 138119.351831 194161.846858 128481.184773 208561.355799 210806.655978 126604.909827
0.115217 171408.882661 143820.491939 202176.248011 133784.491123 217170.124192 219508.103426 131830.769344
0.117026 178051.435769 149393.921046 210011.118899 138968.998330 225586.047924 228014.630113 136939.564601
0.118618 183982.910455 154370.720345 217007.274981 143598.509415 233101.055747 235610.541938 141501.468622
0.120006 189226.736821 158770.548849 223192.351994 147691.311556 239744.832927 242325.843750 145534.501528
0.121634 195449.948883 163992.130171 230532.611413 152548.523422 247629.463616 250295.357674 150320.781103
0.123469 202568.634284 169965.057714 238929.078870 158104.651489 256648.633268 259411.624620 155795.770255
0.124867 208063.228978 174575.293191 245409.936351 162393.178102 263610.126707 266448.063115 160021.669371
0.127309 217796.153455 182741.696032 256889.890729 169989.717606 275941.462077 278912.153421 167507.272812
0.128878 224140.616000 188065.012479 264373.164717 174941.565373 283979.713639 287036.942048 172386.806272
0.129968 228590.120362 191798.365712 269621.341378 178414.399847 289617.107687 292735.026351 175808.925209
0.132546 239245.478899 200738.736146 282189.303883 186730.898371 303117.140479 306380.395877 184003.973749
0.133845 244684.080732 205301.990855 288604.117957 190975.722603 310007.692574 313345.129297 188186.808691
0.136010 253842.454595 212986.317443 299406.391660 198123.825827 321611.088841 325073.443758 195230.524591
0.137787 261447.572146 219367.385509 308376.604337 204059.613784 331246.554036 334812.641074 201079.629271
0.139647 269489.228130 226114.730814 317861.712747 210336.119627 341435.100870 345110.874316 207264.476163
0.141168 276128.251130 231685.197986 325692.419883 215517.871587 349846.552056 353612.880307 212370.556409
0.142106 280248.255579 235142.084568 330551.952413 218733.531651 355066.479192 358889.003391 215539.256582
0.143294 285493.809917 239543.362925 336739.067563 222827.682472 361712.445663 365606.518063 219573.618473
0.144754 291984.655710 244989.502125 344395.000142 227893.782245 369936.160591 373918.766691 224565.735459
0.146524 299910.441515 251639.626645 353743.440034 234079.851510 379977.903241 384068.615306 230661.466463
0.148239 307651.931294 258135.117724 362874.503332 240122.077877 389786.148126 393982.452398 236615.455180
0.149588 313784.001014 263280.226135 370107.260640 244908.153222 397555.304088 401835.248435 241331.637074
0.151085 320624.948851 269020.118187 378176.137498 250247.507350 406222.588236 410595.841598 246593.017946
0.152827 328639.047083 275744.341181 387628.741625 256502.504390 416376.220190 420858.784079 252756.670139
0.154606 336878.638331 282657.763917 397347.314068 262933.498543 426815.545310 431410.495400 259093.749270
0.155725 342088.870786 287029.405475 403492.767167 267000.080664 433416.759972 438082.776480 263100.945060
0.157212 349045.339007 292866.224818 411697.899961 272429.598357 442230.405123 446991.306319 268451.172793
0.159104 357944.322311 300332.909954 422194.223299 279375.247463 453505.161012 458387.442371 275295.391115
0.160557 364813.264633 306096.290757 430296.119565 284736.451263 462207.913366 467183.885578 280578.302576
0.162242 372816.694813 312811.562731 439736.140759 290983.121899 472348.029207 477433.166436 286733.749959
0.163478 378710.104397 317756.423537 446687.399173 295582.923204 479814.809641 484980.331673 291266.378067
0.164592 384040.909216 322229.231244 452975.067001 299743.611955 486568.786019 491807.019049 295366.306201
0.165759 389641.762305 326928.622746 459581.255932 304115.073158 493664.905789 498979.533216 299673.928771
0.167077 395985.217483 332251.093963 467063.341734 309066.134677 501701.881045 507103.031798 304552.687465
0.168871 404649.923023 339521.208521 477283.335173 315828.930183 512679.813747 518199.149165 311216.722489
0.170432 412220.296804 345873.124854 486212.567680 321737.600657 522271.259585 527893.853227 317039.105695
0.172246 421045.946937 353278.279850 496622.394770 328626.013285 533453.104456 539196.078013 323826.923391
0.174074 429972.216772 360767.859730 507150.902488 335592.959507 544762.431595 550627.157498 330692.127816
0.175348 436209.164041 366000.965568 514507.362540 340460.891691 552664.464396 558614.260880 335488.971154
0.176774 443203.430160 371869.499207 522757.077838 345919.910611 561525.998396 567571.195122 340868.269293
0.177794 448215.334121 376074.733394 528668.603090 349831.697507 567875.936560 573989.494547 344722.930410
0.178642 452389.956859 379577.447409 533592.557723 353089.987100 573165.063496 579335.562414 347933.637572
0.180811 463085.466093 388551.506255 546207.877851 361437.823210 586715.966067 593032.349364 356159.566059
0.182487 471373.082747 395505.224672 555983.096114 367906.301153 597216.137996 603645.562551 362533.581586
0.183681 477282.008515 400463.104320 562952.655818 372518.212827 604702.576989 611212.597983 367078.143209
0.184512 481400.015763 403918.315152 567809.832655 375732.314077 609919.973727 616486.163429 370245.307333
0.185725 487421.596951 408970.718244 574912.269080 380432.153213 617549.143897 624197.466635 374876.512369
0.187900 498221.898718 418032.703184 587651.191677 388861.779808 631232.815593 638028.452057 383183.036915
0.189012 503755.586319 422675.739535 594178.159121 393180.818403 638243.838621 645114.953360 387439.002431
0.190353 510428.544082 428274.679644 602048.892206 398389.056417 646698.284176 653660.416582 392571.181942
0.193235 524782.932187 440318.718008 618979.848667 409592.644458 664884.881038 672042.804121 403611.158389
0.194825 532714.837220 446973.976861 628335.506170 415783.489775 674934.376574 682200.489087 409711.595698
0.197043 543774.333697 456253.438924 641380.148128 424415.417627 688946.440512 696363.402110 418217.467194
0.198618 551630.524068 462845.169448 650646.500421 430547.167713 698900.007749 706424.126046 424259.672269
0.200395 560496.671292 470284.303497 661104.093704 437467.188287 710133.161269 717778.211852 431078.636324
0.201935 568176.304899 476727.894203 670162.197839 443461.135964 719863.036164 727612.835250 436985.051388
0.203535 576156.014757 483423.263659 679574.240985 449689.292907 729973.099038 737831.739601 443122.255443
0.205862 587752.215123 493153.046710 693251.923524 458740.117701 744665.151367 752681.961538 452040.906519
0.207939 598091.518332 501828.231162 705447.099744 466809.935302 757764.751149 765922.587128 459992.876542
0.210213 609397.717911 511314.689274 718782.727249 475634.414721 772089.380822 780401.430861 468688.487678
0.211545 616013.544968 516865.693907 726586.074841 480798.062266 780471.443415 788873.731872 473776.727897
0.212650 621495.132681 521465.015887 733051.590629 485076.436942 787416.457384 795893.513484 477992.623330
0.214439 630361.222114 528904.101447 743509.115748 491996.412410 798649.537685 807247.525284 484811.542938
0.215964 637908.899672 535236.974531 752411.578130 497887.368500 808212.228061 816913.164311 490616.470452
0.217960 647775.141091 543515.236850 764048.779430 505587.961766 820712.472162 829547.981763 498204.608107
0.219193 653853.192758 548615.021454 771217.822610 510331.876064 828413.188804 837331.601685 502879.244654
0.221626 665834.398697 558667.843136 785349.618032 519683.197388 843593.032120 852674.865998 512094.003959
0.223363 674363.572908 565824.240237 795409.752688 526340.210805 854399.250526 863597.420453 518653.801682
0.225464 684651.512007 574456.327672 807544.345100 534369.938761 867433.773458 876772.268599 526566.267509
0.226833 691344.493206 580072.068429 815438.695764 539593.805050 875913.588130 885343.374053 531713.847068
0.227674 695445.343780 583512.883968 820275.636358 542794.515531 881109.247857 890594.968475 534867.815974
0.228599 699957.244779 587298.591052 825597.409660 546316.050528 886825.696650 896372.958598 538337.924236
0.229833 705956.537072 592332.292663 832673.556401 550998.493200 894426.627431 904055.718399 542951.986858
0.230957 711418.601898 596915.233979 839116.045004 555261.630279 901346.906463 911050.498787 547152.867215
0.232930 720975.171673 604933.666542 850387.989555 562720.525082 913454.805497 923288.747318 554502.836051
0.234414 728140.245682 610945.516411 858839.172233 568312.859420 922532.748182 932464.420028 560013.502735
0.235868 735149.474885 616826.604815 867106.536442 573783.557014 931413.239979 941440.516160 565404.308999
0.238310 746871.733395 626662.156855 880932.904172 582932.770085 946265.004351 956452.169544 574419.911538
0.239827 754128.329269 632750.798074 889492.036606 588596.537161 955458.902605 965745.046161 580000.967794
0.242447 766612.433222 643225.575951 904216.998684 598340.369969 971275.903240 981732.327212 589602.506543
0.243797 773017.935162 648600.107456 911772.268450 603339.858934 979391.489960 989935.283561 594528.985472
0.245151 779424.626556 653975.636972 919328.941174 608340.276268 987508.583685 998139.763138 599456.379212
0.246501 785796.764227 659322.174212 926844.857887 613313.724449 995581.898835 1006299.992836 604357.197644
0.248439 794909.174017 666967.934680 937592.917108 620425.952752 1007127.059945 1017969.445200 611365.562524
0.249733 800973.553911 672056.247993 944745.834474 625159.196243 1014810.454844 1025735.556899 616029.684094
0.250875 806310.434250 676534.153361 951040.668360 629324.626933 1021572.128731 1032570.024653 620134.284918
0.253352 817841.020508 686208.882944 964640.959260 638324.239968 1036181.049872 1047336.220439 629002.472107
0.256582 832772.637446 698737.244720 982252.755349 649978.354637 1055098.979063 1066457.813581 640486.395915
0.258508 841616.121713 706157.363433 992683.617745 656880.686792 1066303.419269 1077782.876957 647287.929865
0.260973 852882.338718 715610.274197 1005972.085927 665673.959845 1080577.392170 1092210.518565 655952.790357
0.263414 863962.494256 724907.070228 1019041.095182 674322.012076 1094615.630544 1106399.887808 664474.550760
0.265175 871914.147936 731578.899169 1028420.046155 680528.271196 1104690.147048 1116582.863110 670590.176776
0.268438 886550.185430 743859.255238 1045683.207201 691951.686352 1123233.585584 1135325.933959 681846.770093
0.271649 900826.576238 755837.850030 1062522.166093 703094.397568 1141321.362114 1153608.437301 692826.758729
0.272985 906724.558768 760786.547762 1069478.818282 707697.768054 1148793.936340 1161161.458703 697362.903895
0.274998 915575.821791 768213.193234 1079918.855696 714606.171521 1160008.232005 1172496.483638 704170.420494
0.277092 924727.829526 775892.178326 1090713.620570 721749.305988 1171603.562572 1184216.645565 711209.240198
0.279732 936186.410435 785506.491877 1104228.981383 730692.718908 1186121.255006 1198890.630508 720022.047991
0.282245 947007.843612 794586.207110 1116992.828412 739138.838551 1199831.699590 1212748.677046 728344.824727
0.284313 955854.932603 802009.350364 1127427.942569 746043.984190 1211040.706878 1224078.356670 735149.131074
0.287249 968318.683414 812467.050952 1142128.898178 755771.931388 1226831.920667 1240039.573263 744735.016197
0.289974 979784.434874 822087.380948 1155652.716634 764720.940918 1241358.697984 1254722.740893 753553.338869
0.291879 987740.432089 828762.854328 1165036.790792 770930.590163 1251438.717622 1264911.278572 759672.305503
0.294402 998200.350832 837539.241152 1177374.232662 779094.548089 1264691.133816 1278306.365743 767717.041072
0.297180 1009624.755041 847124.878769 1190849.282164 788011.286124 1279165.525356 1292936.583629 776503.563525
0.299627 1019600.035327 855494.630065 1202615.094470 795796.984135 1291803.918564 1305711.037453 784175.563098
0.302109 1029636.661126 863915.853268 1214453.263620 803630.562268 1304520.034774 1318564.051018 791894.743575
0.303821 1036508.750025 869681.874205 1222558.871264 808994.221969 1313226.773751 1327364.523767 797180.075073
0.305884 1044738.379240 876586.938305 1232265.693520 815417.440763 1323653.477261 1337903.477599 803509.492394
0.307840 1052488.180931 883089.403489 1241406.560695 821466.154573 1333472.253101 1347827.959020 809469.873813
0.311161 1065529.282224 894031.529558 1256788.499416 831644.723344 1349994.953346 1364528.537000 819499.799858
0.313483 1074558.728259 901607.679349 1267438.703143 838692.198505 1361435.001763 1376091.745064 826444.357217
0.315204 1081203.223683 907182.738154 1275275.864985 843878.221687 1369853.386353 1384600.759101 831554.646311
0.318572 1094088.681167 917994.271404 1290474.222314 853935.310594 1386178.890368 1401102.017905 841464.866523
0.320174 1100165.948018 923093.397509 1297642.339806 858678.612344 1393878.612671 1408884.632783 846138.899467
0.321874 1106576.958876 928472.551268 1305204.107325 863682.401015 1402001.179032 1417094.643914 851069.615312
0.324460 1116251.006443 936589.553482 1316614.616568 871232.987139 1414257.919049 1429483.335799 858509.936453
0.326264 1122946.424015 942207.338476 1324511.840928 876458.755015 1422740.820536 1438057.561301 863659.389829
0.328688 1131874.836236 949698.715924 1335042.875584 883427.373368 1434052.862017 1449491.384349 870526.241966
0.331435 1141900.189632 958110.481025 1346867.748969 891252.153400 1446754.696416 1462329.962350 878236.752825
0.334957 1154603.538632 968769.216291 1361851.309903 901167.106786 1462849.474220 1478598.011023 888006.913192
0.338593 1167544.720440 979627.504993 1377115.393901 911267.688482 1479245.579351 1495170.631011 897959.991047
0.342071 1179762.951592 989879.202498 1391526.759830 920804.007789 1494725.726794 1510817.432424 907357.046717
0.345363 1191176.936736 999456.098007 1404989.520076 929712.613752 1509186.917678 1525434.307539 916135.555855
0.347363 1198044.739463 1005218.522634 1413090.072194 935072.928099 1517888.226198 1534229.291369 921417.590853
0.350744 1209536.369244 1014860.565815 1426644.414049 944042.135637 1532447.790603 1548945.599062 930255.816572
0.353241 1217926.967278 1021900.690680 1436541.098531 950590.990462 1543078.436978 1559690.691337 936709.035196
0.356486 1228712.272337 1030950.092643 1449262.332557 959008.912138 1556743.108276 1573502.471810 945004.025756
0.359761 1239460.287139 1039968.206245 1461939.582839 967397.728800 1570360.533890 1587266.497968 953270.336336
0.363834 1252640.109728 1051026.726312 1477485.142902 977684.569428 1587058.990027 1604144.723969 963406.953090
0.368270 1266761.086133 1062874.920768 1494140.790984 988705.979832 1604949.860978 1622228.201914 974267.412330
0.370513 1273807.864497 1068787.514766 1502452.444313 994205.984515 1613877.926482 1631252.383916 979687.097696
0.376399 1292007.179722 1084057.636290 1523918.480445 1008410.534993 1636935.935416 1654558.627483 993684.212026
0.378918 1299667.643773 1090485.142795 1532953.974147 1014389.520848 1646641.523034 1664368.702136 999575.883762
0.382238 1309651.062911 1098861.722990 1544729.386205 1022181.571227 1659290.227935 1677153.578665 1007254.142935
0.386087 1321060.284970 1108434.622035 1558186.528407 1031086.459606 1673745.384127 1691764.354121 1016028.988779
0.390840 1334909.818661 1120055.062689 1574522.010646 1041896.009195 1691292.344967 1709500.219536 1026680.681114
0.394724 1346037.811483 1129391.996558 1587647.443831 1050581.398387 1705391.191804 1723750.849733 1035239.233228
0.398308 1356151.744013 1137878.083914 1599576.796031 1058475.314360 1718205.253417 1736702.863149 1043017.870401
0.402294 1367234.177395 1147176.791170 1612648.491997 1067125.144447 1732246.377754 1750895.149425 1051541.382697
0.406380 1378411.655604 1156555.245715 1625832.293043 1075849.156943 1746407.921153 1765209.151153 1060137.994078
0.410852 1390439.417109 1166647.129810 1640019.000613 1085236.814848 1761646.749033 1780612.035039 1069388.559324
0.418133 1409567.367042 1182696.421576 1662580.358516 1100166.163948 1785881.311431 1805107.498442 1084099.887678
0.423121 1422353.220960 1193424.382529 1677661.233746 1110145.512354 1802080.620592 1821481.203822 1093933.502672
0.428519 1435905.866668 1204795.719548 1693646.537525 1120723.341118 1819251.432897 1838836.871215 1104356.858117
0.432440 1445567.968306 1212902.698540 1705042.956584 1128264.603454 1831493.037767 1851210.265014 1111787.991630
0.435382 1452717.869499 1218901.817670 1713476.242971 1133845.095420 1840551.756930 1860366.507247 1117286.988884
0.439498 1462582.546840 1227178.767650 1725111.599445 1141544.467924 1853050.019388 1872999.321722 1124873.923604
0.447569 1481461.043164 1243018.755557 1747378.727588 1156279.118689 1876968.531240 1897175.332086 1139393.396900
0.452693 1493134.508872 1252813.368034 1761147.544358 1165390.249018 1891758.476534 1912124.500870 1148371.472839
0.458871 1506894.501503 1264358.679330 1777377.413194 1176129.911884 1909191.991427 1929745.699018 1158954.299042
0.464067 1518211.299811 1273854.030297 1790725.541866 1184962.663601 1923530.049383 1944238.115599 1167658.061672
0.470232 1531338.019250 1284867.994206 1806208.466926 1195208.057264 1940161.225356 1961048.337120 1177753.836732
0.473497 1538161.288491 1290593.053046 1814256.491935 1200533.613263 1948806.111231 1969786.290878 1183001.620975
0.477997 1547422.243040 1298363.449880 1825179.759239 1207761.780628 1960539.474277 1981645.971295 1190124.231799
0.484231 1559983.327452 1308902.818152 1839995.519531 1217565.696621 1976454.006940 1997731.834370 1199784.976308
0.489966 1571272.283987 1318374.808500 1853310.808918 1226376.717857 1990756.790171 2012188.596471 1208467.325798
0.498732 1588041.883261 1332445.327950 1873090.499500 1239465.376219 2012003.390117 2033663.930040 1221364.843941
0.505188 1600031.873951 1342505.520471 1887232.656509 1248823.554034 2027194.363459 2049018.444203 1230586.359609
0.512062 1612473.719075 1352944.841109 1901907.774428 1258534.403861 2042957.823373 2064951.608131 1240155.397043
0.517920 1622816.446001 1361622.898229 1914106.988913 1266606.893671 2056061.760907 2078196.618172 1248110.000251
0.526900 1638227.939979 1374553.900467 1932284.798489 1278635.551972 2075587.680504 2097932.747138 1259962.998044
0.533149 1648645.478014 1383294.727790 1944572.252445 1286766.431790 2088786.401560 2111273.561107 1267975.138561
0.539940 1659687.797310 1392559.777353 1957596.633971 1295384.952866 2102776.702504 2125414.476843 1276467.799067
0.546545 1670157.866992 1401344.681314 1969946.048843 1303556.833592 2116041.979647 2138822.563420 1284520.341735
0.557589 1687094.882116 1415555.670904 1989923.205902 1316776.159886 2137500.690658 2160512.291570 1297546.619600
0.568206 1702731.218837 1428675.327274 2008366.216799 1328980.307761 2157311.479544 2180536.356629 1309572.544206
0.578543 1717377.251727 1440964.069973 2025641.167386 1340411.524317 2175867.581961 2199292.227694 1320836.824994
0.588784 1731348.255113 1452686.429682 2042119.922756 1351315.880903 2193568.441411 2217183.648539 1331581.939811
0.600042 1746117.611784 1465078.647104 2059540.333361 1362843.351567 2212280.791510 2236097.449395 1342941.069061
0.613933 1763537.385747 1479694.695129 2080086.902980 1376439.470735 2234351.144086 2258405.403834 1356338.637306
0.623256 1774752.847885 1489105.020060 2093315.505953 1385193.129655 2248560.812030 2272768.048200 1364964.462171
0.633441 1786592.136939 1499038.766489 2107279.910848 1394433.684969 2263560.850735 2287929.572188 1374070.073037
0.646216 1800858.802729 1511009.201512 2124107.399110 1405568.805816 2281636.305947 2306199.621565 1385042.582150
0.654850 1810149.860690 1518804.856590 2135066.173296 1412820.468868 2293407.809149 2318097.852742 1392188.345544
0.664047 1819748.746121 1526858.794072 2146388.029034 1420312.391007 2305569.320903 2330390.291170 1399570.859400
0.676079 1831861.472609 1537021.967970 2160674.952537 1429766.364011 2320915.796971 2345901.982146 1408886.771311
0.683376 1838972.777926 1542988.703259 2169062.715208 1435316.731928 2329925.616269 2355008.798076 1414356.084432
0.692208 1847350.931954 1550018.386991 2178944.722024 1441855.874217 2340540.496447 2365737.954421 1420799.732358
0.703415 1857635.599044 1558647.729049 2191075.455111 1449883.048373 2353570.873838 2378908.612396 1428709.681678
0.714565 1867499.617483 1566924.126178 2202710.034412 1457581.906604 2366068.301486 2391540.583072 1436296.109636
0.723768 1875376.374395 1573533.113042 2212000.644877 1463729.708858 2376047.925939 2401627.644747 1442354.132461
0.736410 1885823.825166 1582299.038624 2224323.380813 1471883.935543 2389284.545572 2415006.765297 1450389.278899
0.758984 1903468.801002 1597104.042108 2245135.575347 1485655.824586 2411640.222443 2437603.115734 1463960.050165
0.778429 1917702.491955 1609046.809619 2261924.169891 1496765.208601 2429673.899485 2455830.937171 1474907.198292
0.800053 1932568.479737 1621520.105301 2279458.556592 1508368.099767 2448508.678422 2474868.484893 1486340.646641
0.817192 1943683.872889 1630846.467427 2292569.128506 1517043.654928 2462591.561840 2489102.979814 1494889.508334
0.832873 1953370.715337 1638974.205177 2303994.729273 1524604.227445 2474864.512605 2501508.056967 1502339.670033
0.853642 1965538.828057 1649183.850851 2318346.980667 1534101.429357 2490281.161436 2517090.676163 1511698.179560
0.875771 1977731.296163 1659413.931893 2332727.959164 1543617.640628 2505728.667841 2532704.485135 1521075.420842
0.901002 1990738.621026 1670327.717874 2348070.058690 1553769.846924 2522208.574320 2549361.808648 1531079.369396
0.925688 2002620.352081 1680297.075231 2362084.523794 1563043.528183 2537262.385819 2564577.684329 1540217.622453
0.949112 2013186.256762 1689162.389474 2374546.975751 1571290.208046 2550649.083148 2578108.498260 1548343.871929
0.976477 2024729.140549 1698847.437290 2388161.771549 1580299.419293 2565273.584905 2592890.442398 1557221.517162
1.004205 2035620.854371 1707986.121445 2401008.514382 1588800.392922 2579073.073045 2606838.491105 1565598.346825
1.039224 2048328.844779 1718648.751081 2415997.549843 1598718.968923 2595173.731379 2623112.483617 1575372.076904
1.073231 2059662.678856 1728158.395897 2429365.772152 1607565.017044 2609533.373166 2637626.716392 1584088.941764
1.120497 2073957.798174 1740152.704831 2446226.821264 1618722.345847 2627644.878179 2655933.203670 1595083.334519
1.164379 2085895.020104 1750168.621764 2460306.737683 1628039.337688 2642768.995021 2671220.141578 1604264.265672
1.227689 2101173.886944 1762988.343304 2478328.113960 1639964.480618 2662126.879849 2690786.426769 1616015.259780
1.306971 2117595.803009 1776767.139423 2497697.713269 1652781.772522 2682932.975169 2711816.513391 1628645.374366
1.411547 2135569.290629 1791847.780468 2518897.386438 1666810.064741 2705704.867022 2734833.559638 1642468.804424
1.503696 2148668.243949 1802838.447236 2534347.561446 1677033.786972 2722300.864120 2751608.223561 1652543.224529
1.648603 2165329.786362 1816818.301658 2553999.799293 1690038.107042 2743410.559131 2772945.178324 1665357.636015
1.827122 2181005.733383 1829971.193020 2572489.530417 1702273.170724 2763271.533128 2793019.968770 1677414.024948
2.086177 2197366.777258 1843698.914374 2591787.331166 1715042.951935 2784000.505133 2813972.101794 1689997.322662
