0.014011 25782.454057 6657.001013
0.021322 16232.073431 4191.103338
0.026787 17283.206506 4462.504731
0.031602 16628.412594 4293.437670
0.034261 27768.234346 7169.727278
0.036923 25739.018577 6645.786020
0.040899 15556.387847 4016.642071
0.043123 26374.718681 6809.923081
0.044692 36083.254804 9316.656329
0.048163 15128.178054 3906.078777
0.050735 19387.757251 5005.897397
0.052488 27479.884000 7095.275539
0.055935 13116.706113 3386.718956
0.058924 14358.854590 3707.440313
0.060705 23391.679189 6039.705596
0.063060 17024.256656 4395.644167
0.064870 21529.299567 5558.841245
0.066764 19993.791240 5162.374700
0.068272 24555.437071 6340.186589
0.070332 17451.948433 4506.073709
0.072418 16736.822151 4321.428897
0.074203 19077.734946 4925.849982
0.076087 17632.654380 4552.731784
0.077970 17215.165078 4444.936510
0.079737 17935.463782 4630.916835
0.082667 10434.110288 2694.075692
0.084901 13317.433071 3438.546433
0.086283 21198.292567 5473.375605
0.087831 18575.028635 4796.051771
0.089389 18147.749117 4685.728674
0.091284 14600.155022 3769.743817
0.092916 16657.531262 4300.956078
0.094192 21016.994263 5426.564584
0.095672 17832.217799 4604.258837
0.097021 19295.834572 4982.163063
0.098697 15270.411020 3942.803171
0.100390 14857.044214 3836.072321
0.102698 10652.014092 2750.338212
0.105042 10254.574917 2647.719858
0.107372 10086.417630 2604.301833
0.109037 13904.737343 3590.187744
0.110100 21572.843539 5570.084250
0.111331 18415.247503 4754.796460
0.113333 11118.478727 2870.778863
0.115217 11627.145939 3002.116172
0.117026 11912.693438 3075.844220
0.118618 13364.117370 3450.600267
0.120006 15135.926234 3908.079349
0.121634 12743.553343 3290.371325
0.123469 11129.824726 2873.708387
0.124867 14439.472982 3728.255893
0.127309 8111.471413 2094.372913
0.128878 12470.598019 3219.894563
0.129968 17795.730344 4594.837817
0.132546 7376.155959 1904.515279
0.133845 14489.751422 3741.237730
0.136010 8557.686273 2209.585095
0.137787 10290.700615 2657.047473
0.139647 9700.442399 2504.643458
0.141168 11728.787526 3028.359917
0.142106 18894.427338 4878.520161
0.143294 14795.442830 3820.166912
0.144754 11912.421585 3075.774027
0.146524 9710.652435 2507.279678
0.148239 9903.081975 2556.964771
0.149588 12470.609798 3219.897604
0.151085 11131.800723 2874.218587
0.152827 9453.356424 2440.846133
0.154606 9148.128916 2362.036729
0.155725 14437.144223 3727.654610
0.157212 10757.847560 2777.664296
0.159104 8354.893651 2157.224265
0.160557 10780.804132 2783.591657
0.162242 9197.921909 2374.893225
0.163478 12446.311452 3213.623798
0.164592 13708.276362 3539.461737
0.165759 12992.281391 3354.592630
0.167077 11414.158665 2947.123095
0.168871 8296.723604 2142.204823
0.170432 9441.950242 2437.901070
0.172246 8039.967814 2075.910763
0.174074 7891.660284 2037.617924
0.175348 11241.006930 2902.415509
0.176774 9963.200101 2572.487204
0.177794 13848.259945 3575.605343
0.178642 16567.388502 4277.681317
0.180811 6400.720386 1652.658897
0.182487 8201.933921 2117.730232
0.183681 11444.883495 2955.056212
0.184512 16362.803919 4224.857805
0.185725 11125.809350 2872.671622
0.187900 6138.666952 1584.996992
0.189012 11921.878029 3078.215671
0.190353 9822.675785 2536.203982
0.193235 4501.547178 1162.294484
0.194825 8084.164977 2087.322422
0.197043 5733.535626 1480.392533
0.198618 8007.020917 2067.403911
0.200395 7030.212832 1815.193148
0.201935 8051.293254 2078.834979
0.203535 7683.430279 1983.853167
0.205862 5223.008360 1348.574960
0.207939 5792.198891 1495.539323
0.210213 5231.620420 1350.798584
0.211545 8871.964896 2290.731486
0.212650 10640.815008 2747.446621
0.214439 6514.913230 1682.143363
0.215964 7586.293103 1958.772457
0.217960 5739.134805 1481.838235
0.219193 9246.258998 2387.373808
0.221626 4628.254904 1195.010278
0.223363 6432.939864 1660.977931
0.225464 5268.764821 1360.389227
0.226833 8028.606574 2072.977304
0.227674 13032.209918 3364.902132
0.228599 11779.959290 3041.572410
0.229833 8796.042810 2271.128488
0.230957 9594.690848 2477.338524
0.232930 5422.247069 1400.018173
0.234414 7163.889035 1849.708195
0.235868 7257.552717 1873.892054
0.238310 4278.802115 1104.781956
0.239827 6840.322043 1766.163557
0.242447 3915.848605 1011.067762
0.243797 7557.092920 1951.233002
0.245151 7491.317094 1934.249756
0.246501 7467.396525 1928.073492
0.248439 5161.024578 1332.570816
0.249733 7685.499574 1984.387457
0.250875 8667.339966 2237.897556
0.253352 3954.573263 1021.066426
0.256582 2993.684802 772.966092
0.258508 4982.757706 1286.542507
0.260973 3851.128192 994.357023
0.263414 3853.454091 994.957568
0.265175 5302.062976 1368.986774
0.268438 2825.019255 729.416835
0.271649 2834.498921 731.864474
0.272985 6780.868717 1750.812774
0.274998 4462.119299 1152.114249
0.277092 4255.372767 1098.732524
0.279732 3341.409975 862.748346
0.282245 3477.754635 897.952386
0.284313 4191.384812 1082.210905
0.287249 2920.119634 753.971647
0.289974 3114.587859 804.183127
0.291879 4424.101952 1142.298212
0.294402 3310.687575 854.815856
0.297180 2975.257693 768.208233
0.299627 3347.844718 864.409789
0.302109 3271.075036 844.587943
0.303821 4714.076991 1217.169445
0.305884 3882.974559 1002.579720
0.307840 4066.713548 1050.020923
0.311161 2367.469970 611.278118
0.313483 3357.931664 867.014227
0.315204 4503.355339 1162.761349
0.318572 2275.251026 587.467289
0.320174 4754.140324 1227.513753
0.321874 4453.892799 1149.990176
0.324460 2903.497565 749.679848
0.326264 4135.904711 1067.886005
0.328688 3052.625047 788.184398
0.331435 2668.524174 689.009979
0.334957 2057.212832 531.170069
0.338593 1969.130247 508.427243
0.342071 2034.470503 525.298025
0.345363 2127.207322 549.242569
0.347363 3476.008032 897.501415
0.350744 2034.227434 525.235265
0.353241 2732.349284 705.489551
0.356486 2081.155983 537.352164
0.359761 2040.146168 526.763476
0.363834 1619.487056 418.149760
0.368270 1466.159792 378.560831
0.370513 2877.977175 743.090511
0.376399 1144.819186 295.591043
0.378918 2652.780187 684.944899
0.382238 1991.826568 514.287408
0.386087 1698.205125 438.474678
0.390840 1355.722661 350.046086
0.394724 1638.903017 423.162939
0.398308 1756.915573 453.633650
0.402294 1560.470699 402.911802
0.406380 1504.112679 388.360224
0.410852 1355.991124 350.115403
0.418133 815.595192 210.585773
0.423121 1172.470331 302.730538
0.428519 1066.452101 275.356748
0.432440 1450.342489 374.476821
0.435382 1916.353275 494.800288
0.439498 1353.151256 349.382152
0.447569 674.525771 174.161805
0.452693 1046.229589 270.135318
0.458871 852.387335 220.085464
0.464067 998.320379 257.765213
0.470232 826.233573 213.332591
0.473497 1544.726547 398.846679
0.477997 1172.343693 302.697840
0.484231 831.730523 214.751898
0.489966 888.431923 229.392136
0.498732 567.693296 146.577779
0.505188 755.752991 195.134583
0.512062 695.861266 179.670606
0.517920 803.445111 207.448636
0.526900 511.167290 131.982827
0.533149 721.277229 186.232980
0.539940 686.858555 177.346116
0.546545 692.517722 178.807307
0.557589 402.354526 103.887492
0.568206 405.418223 104.678535
0.578543 404.095858 104.337102
0.588784 416.515167 107.543754
0.600042 366.776823 94.701369
0.613933 285.698792 73.767111
0.623256 413.248998 106.700432
0.633441 385.352781 99.497660
0.646216 295.960442 76.416658
0.654850 426.484094 110.117720
0.664047 408.377601 105.442643
0.676079 300.943831 77.703363
0.683376 483.725042 124.897269
0.692208 407.778798 105.288033
0.703415 310.627600 80.203702
0.714565 301.826804 77.931346
0.723768 369.669870 95.448350
0.736410 260.039126 67.141814
0.758984 141.818919 36.617488
0.778429 160.597489 41.466093
0.800053 139.917828 36.126628
0.817192 171.962958 44.400645
0.832873 185.548117 47.908318
0.853642 135.350989 34.947475
0.875771 126.058422 32.548145
0.901002 105.903405 27.344142
0.925688 105.063208 27.127204
0.949112 108.051666 27.898820
0.976477 90.897899 23.469736
1.004205 85.880955 22.174367
1.039224 66.771985 17.240452
1.073231 66.111979 17.070040
1.120497 45.445558 11.733993
1.164379 46.883750 12.105332
1.227689 30.947862 7.990704
1.306971 23.118117 5.969072
1.411547 16.190607 4.180397
1.503696 17.287335 4.463571
1.648603 10.003774 2.582963
1.827122 7.334635 1.893795
2.086177 4.422531 1.141893
