0.023425 6.953078 1.157560
0.035707 15.853775 2.403979
0.043129 10.783893 1.985499
0.051211 9.167271 1.448545
0.056056 9.087055 1.649224
0.061668 6.680612 2.247056
0.065515 8.394111 1.645049
0.073363 7.665050 1.560384
0.078616 6.105658 2.349972
0.085141 11.325489 1.942334
0.091973 8.599393 1.837621
0.096397 9.415498 1.917051
0.099223 7.608121 1.426712
0.104134 8.242282 1.421348
0.107515 6.972053 1.470571
0.110871 7.708929 1.669585
0.115626 6.001961 2.152422
0.119943 10.364848 1.567116
0.124922 7.686583 1.599586
0.130224 7.408559 1.227266
0.134503 4.747533 1.305926
0.139950 8.221857 1.508656
0.142413 8.583043 1.908420
0.144234 9.121086 2.186600
0.148152 5.708917 1.231708
0.152555 10.233425 1.782540
0.157017 7.424127 1.735214
0.160945 8.276034 1.578951
0.163602 13.568937 1.997181
0.166649 7.906282 1.360939
0.171169 11.100990 1.659565
0.174965 12.079719 1.727153
0.177922 9.047734 1.371140
0.183082 11.146183 1.875719
0.185840 9.944603 1.586150
0.190210 10.125604 1.716709
0.194415 7.829528 1.414744
0.198620 7.727351 2.086079
0.202101 9.462991 1.573827
0.209097 4.495957 1.290605
0.213095 9.520962 1.517827
0.217081 10.543355 2.532928
0.221690 7.779335 1.818576
0.225680 9.790940 1.525960
0.228797 8.317945 1.431472
0.232846 8.849210 1.276051
0.237295 11.251618 2.066471
0.242682 9.509545 2.221151
0.245272 9.893786 1.618953
0.250118 11.765092 1.777121
0.254006 9.258270 1.452820
0.261606 11.286891 1.666468
0.268779 10.032750 1.649965
0.274819 6.548612 1.439154
0.283464 12.681384 1.676920
0.291706 10.864852 1.623982
0.296210 10.186705 1.672381
0.304673 6.676143 1.278709
0.309346 9.793099 1.422215
0.315138 8.935090 1.406059
0.321870 7.869583 1.418490
0.328713 9.141850 1.444195
0.341038 7.650842 1.269351
0.348163 6.908101 1.240097
0.355049 12.158844 1.796688
0.368624 11.516892 1.915461
0.378177 8.990584 1.852809
0.390858 9.242227 1.698893
0.399470 7.147990 1.192289
0.411827 8.889311 1.398479
0.432158 10.215154 1.629769
0.447522 6.875065 0.986909
0.471200 10.284617 1.467447
0.488334 5.462458 1.266267
0.515792 9.931961 1.470876
0.541819 9.588461 1.610585
0.583173 12.135092 1.633665
0.641289 7.630620 1.322289
0.684100 11.074229 1.668058
0.723926 9.935415 1.401769
0.807147 12.649015 1.677381
0.886170 9.915773 1.364184
0.989939 9.284506 1.339267
1.193077 7.998002 1.195819
