0.014011 0.732617 0.687793 0.787927 0.651656 0.856800 0.925579 0.602980
0.021322 2.564030 2.408261 2.755636 2.281872 2.993323 3.227617 2.112395
0.026787 5.048891 4.743483 5.421974 4.494737 5.885070 6.331978 4.163112
0.031602 8.227585 7.733403 8.830787 7.329920 9.573009 10.294847 6.791143
0.034261 10.434570 9.810915 11.196615 9.300986 12.128321 13.038840 8.618893
0.036923 12.995549 12.221893 13.938387 11.588740 15.084516 16.206120 10.740975
0.040899 17.520563 16.481713 18.776054 15.628205 20.281026 21.768598 14.494581
0.043123 20.435550 19.230510 21.892672 18.236085 23.628917 25.347933 16.917656
0.044692 22.662671 21.331316 24.276630 20.231787 26.183760 28.078908 18.772625
0.048163 28.127745 26.484010 30.107636 25.126051 32.434056 34.748336 23.324155
0.050735 32.658831 30.766192 34.940817 29.190458 37.603433 40.258545 27.106402
0.052488 35.991898 33.913314 38.491234 32.183349 41.393064 44.300616 29.892881
0.055935 43.139787 40.668594 46.098248 38.604624 49.519348 52.931292 35.875009
0.058924 49.991743 47.148525 53.362088 44.767182 57.317228 61.160736 41.618329
0.060705 54.358600 51.278684 58.003938 48.706791 62.259333 66.396906 45.291788
0.063060 60.474685 57.080888 64.512341 54.229741 69.158650 73.706804 50.444119
0.064870 65.445586 61.791054 69.796193 58.719612 74.758410 79.624043 54.634791
0.066764 70.899236 66.960083 75.574093 63.647014 80.887260 86.092840 59.235948
0.068272 75.418784 71.246457 80.375711 67.739809 85.955411 91.446699 63.062237
0.070332 81.868449 77.368733 87.186278 73.574708 93.158511 99.049601 68.520416
0.072418 88.705675 83.871343 94.428000 79.786205 100.806984 107.089550 74.322076
0.074203 94.815127 89.677097 100.881572 85.334683 107.621747 114.244126 79.509926
0.076087 101.518400 96.033835 107.923861 91.406083 115.148678 122.062653 85.205611
0.077970 108.475436 102.634439 115.257068 97.699863 122.865238 130.151530 91.126643
0.079737 115.235727 109.061794 122.383611 103.843237 130.344253 137.991886 96.891930
0.082667 126.922813 120.190328 134.672604 114.474394 143.349864 151.648664 106.894831
0.084901 136.258615 129.087654 144.491272 122.979229 153.659054 162.481112 114.898034
0.086283 142.201088 134.760330 150.744411 128.399450 160.212554 169.179571 120.006281
0.087831 149.041125 141.277544 157.931359 134.626716 167.724194 176.977373 125.878892
0.089389 156.071783 147.987444 165.332786 141.036292 175.458811 185.068126 131.939984
0.091284 164.889783 156.377890 174.523773 149.058758 185.090525 195.152646 139.526184
0.092916 172.646974 163.810817 182.660791 156.171105 193.594095 204.041472 146.241474
0.094192 178.854962 169.738603 189.157883 161.852722 200.365169 211.121217 151.608942
0.095672 186.194644 176.752243 196.818682 168.577428 208.364054 219.477160 157.965252
0.097021 193.015402 183.269458 203.956488 174.828403 215.716319 227.221996 163.877062
0.098697 201.637201 191.523208 212.992227 182.754613 225.162696 237.011974 171.377682
0.100390 210.550403 200.061278 222.298301 190.977932 234.821020 247.092133 179.132558
0.102698 223.034299 211.986874 235.253925 202.397888 248.309991 261.132359 189.987213
0.105042 236.038992 224.487947 248.841267 214.375429 262.334506 275.731769 201.338857
0.107372 249.302065 237.228263 262.689009 226.618691 276.643628 290.582367 212.952325
0.109037 258.982155 246.509501 272.739587 235.580133 287.048546 301.385784 221.442335
0.110100 265.250217 252.532980 279.270232 241.370964 293.838962 308.364894 226.945338
0.111331 272.564130 259.593147 286.902959 248.165124 301.729716 316.529384 233.401149
0.113333 284.711944 271.225929 299.444739 259.414961 314.706828 329.990499 244.087393
0.115217 296.335614 282.419418 311.533588 270.203799 327.139886 342.847037 254.342286
0.117026 307.664789 293.307814 323.327437 280.692703 339.275294 355.373569 264.379053
0.118618 317.818483 303.050822 333.838889 290.055598 350.235092 366.524901 273.350976
0.120006 326.767564 311.663198 343.106693 298.360313 359.967311 376.357114 281.290221
0.121634 337.374333 321.888917 354.077611 308.280006 371.150635 387.994303 290.721269
0.123469 349.509249 333.618725 366.652754 319.531841 383.894874 401.265147 301.521234
0.124867 358.841064 342.662063 376.346232 328.258133 393.869722 411.479162 309.865817
0.127309 375.401897 358.700615 393.470204 343.722832 411.537098 429.511128 324.665250
0.128878 386.169633 369.163352 404.650914 353.808578 422.826816 441.224553 334.324708
0.129968 393.768432 376.490893 412.453215 360.884273 430.754983 449.420638 341.104857
0.132546 411.862857 394.020086 431.072393 377.836514 449.984476 468.986547 357.360631
0.133845 421.101909 402.986739 440.624531 386.493384 459.769872 478.940469 365.668070
0.136010 436.688087 418.064334 456.557575 400.967459 476.140620 495.653799 379.673057
0.137787 449.593038 430.514562 469.762354 412.970946 489.559280 509.487217 391.317570
0.139647 463.251717 443.763015 483.758842 425.673301 503.822132 524.071057 403.644920
0.141168 474.493064 454.704022 495.319109 436.329303 515.704606 536.256198 413.833215
0.142106 481.431440 461.511562 502.488788 442.898947 523.101597 543.851137 420.160817
0.143294 490.371831 470.168376 511.581269 451.213642 532.615239 553.508763 428.222588
0.144754 501.358369 480.870321 522.958152 461.605149 544.313270 565.612950 438.206737
0.146524 514.782820 493.837533 536.695904 474.197121 558.533479 580.459707 450.410790
0.148239 527.854081 506.538775 550.053558 486.503303 572.139845 594.941071 462.344444
0.149588 538.239098 516.666700 560.756117 496.251580 582.911670 606.397839 471.806465
0.151085 549.819988 527.968227 572.601218 507.108910 594.827566 619.164590 482.371973
0.152827 563.346206 541.109395 586.393306 519.848264 608.934940 633.555755 494.762230
0.154606 577.261569 554.606924 600.594871 532.992526 623.665431 648.236580 507.515500
0.155725 586.104606 563.105721 609.560825 541.316740 632.726799 657.500981 515.587398
0.157212 597.795361 574.600326 621.509422 552.434545 644.788900 669.848044 526.373619
0.159104 612.769032 589.296612 636.829588 566.663023 660.369870 685.606400 540.186661
0.160557 624.387405 600.599557 648.699935 577.650415 672.459919 697.937935 550.860025
0.162242 637.892769 613.715598 662.480427 590.457699 686.596254 711.972778 563.308629
0.163478 647.805936 623.364251 672.612682 599.892052 696.976883 722.678184 572.483780
0.164592 656.794844 632.091863 681.818418 608.428383 706.322579 731.734569 580.789213
0.165759 666.170530 641.267671 691.510714 617.399823 716.085077 741.418809 589.521673
0.167077 676.865745 651.686592 702.415961 627.559105 727.130050 752.531401 599.419697
0.168871 691.398560 665.850380 717.277175 641.453405 742.196617 767.681122 612.952926
0.170432 704.083045 678.253213 730.340342 653.696092 755.484737 780.890387 624.789383
0.172246 718.957235 692.723148 745.404228 667.850233 771.006928 796.258810 638.603057
0.174074 733.900556 707.303016 760.647180 682.082196 786.286133 811.769174 652.590073
0.175348 744.387646 717.559451 771.317616 692.097815 797.229135 822.587140 662.372468
0.176774 756.080504 729.055446 783.308650 703.333649 809.119940 834.700079 673.351850
0.177794 764.431949 737.300704 791.819497 711.387596 817.916398 843.368004 681.225317
0.178642 771.372032 744.166481 798.939070 718.097753 825.283918 850.580421 687.787223
0.180811 789.400686 761.742218 817.019546 735.296395 844.353526 869.673329 704.614591
0.182487 803.389169 775.302307 831.234327 748.592538 858.750021 884.476128 717.668916
0.183681 813.313058 785.006787 841.360965 758.060592 868.963622 895.018384 726.984550
0.184512 820.222824 791.735309 848.392522 764.660235 876.124008 902.359617 733.480722
0.185725 830.262205 801.652715 858.665922 774.296778 886.545899 912.923450 742.985664
0.187900 848.338049 819.413975 877.192800 791.589516 905.311568 932.066973 760.051124
0.189012 857.595277 828.498153 886.662877 800.520160 914.974463 942.131253 768.803476
0.190353 868.825047 839.498948 898.066798 811.140684 926.427567 953.877414 779.365489
0.193235 892.778006 863.177964 922.402370 834.336512 951.456270 978.581250 802.114247
0.194825 905.876306 876.219096 935.956122 847.241612 965.181651 992.636460 814.701297
0.197043 924.300364 894.272112 954.834093 865.136550 984.185848 1012.208806 832.271095
0.198618 937.418308 907.218573 968.200868 877.617797 997.793665 1026.094764 844.765730
0.200395 952.311522 921.591470 983.064570 891.621404 1012.463712 1041.748717 858.880323
0.201935 965.138043 934.203320 996.076308 904.026758 1025.800984 1055.293273 871.117722
0.203535 978.416510 947.219412 1009.598956 916.927447 1039.463062 1069.352975 883.781509
0.205862 997.802797 966.266968 1029.167190 935.749839 1059.543824 1089.759399 902.102185
0.207939 1015.085274 983.189264 1046.737810 952.610871 1077.138837 1107.929085 918.455539
0.210213 1034.044176 1001.709930 1065.917756 971.067865 1096.492258 1127.771463 936.358151
0.211545 1045.105686 1012.604436 1077.045887 981.775410 1107.785092 1139.369578 946.843557
0.212650 1054.320770 1021.647166 1086.359947 990.607006 1117.231189 1148.972266 955.536739
0.214439 1069.029657 1036.211019 1101.265166 1005.093330 1132.546684 1164.490637 969.607791
0.215964 1081.503339 1048.647843 1113.969099 1017.295967 1145.500781 1177.688543 981.596616
0.217960 1097.937050 1064.750310 1130.681650 1033.158925 1162.494567 1194.923099 997.282420
0.219193 1108.015621 1074.734599 1140.893118 1042.916517 1172.965614 1205.530541 1006.953580
0.221626 1128.029151 1094.450538 1161.129526 1062.387655 1193.593682 1226.235806 1026.268343
0.223363 1142.304249 1108.443599 1175.627848 1076.086130 1208.212686 1240.850589 1040.049683
0.225464 1159.405072 1125.257830 1192.964369 1092.547227 1225.894163 1258.458398 1056.421766
0.226833 1170.576053 1136.301030 1204.287938 1103.263870 1237.117426 1270.241000 1067.281019
0.227674 1177.369513 1143.034582 1211.294273 1109.857091 1243.978177 1277.507655 1073.939000
0.228599 1184.885112 1150.547704 1218.873109 1117.112559 1251.611492 1285.499895 1081.268216
0.229833 1194.901116 1160.360231 1229.150854 1126.757439 1261.961732 1295.566331 1091.019846
0.230957 1203.970256 1169.382593 1238.426853 1135.458176 1271.380701 1304.702434 1099.904442
0.232930 1219.837270 1185.106238 1254.532057 1150.520918 1287.883511 1320.676728 1115.463356
0.234414 1231.787436 1196.897255 1266.656627 1162.042873 1300.287022 1332.650258 1127.140524
0.235868 1243.319257 1208.440462 1278.369313 1173.398312 1312.389945 1344.573266 1138.573472
0.238310 1262.807372 1227.576521 1298.121524 1192.386482 1332.584632 1364.492668 1157.715481
0.239827 1274.812778 1239.426171 1310.437055 1203.955044 1345.007477 1376.810914 1169.496631
0.242447 1295.611894 1259.808854 1331.533188 1223.821928 1366.518885 1397.980654 1189.373524
0.243797 1306.171001 1270.307252 1342.226947 1234.022765 1377.532449 1408.831921 1199.578309
0.245151 1316.785380 1280.771808 1352.921798 1244.256229 1388.408833 1419.678020 1209.789126
0.246501 1327.394008 1291.157415 1363.467476 1254.560298 1399.229067 1430.567330 1219.948975
0.248439 1342.541389 1306.085866 1378.831050 1269.193237 1414.615279 1446.776658 1234.608510
0.249733 1352.624400 1316.100791 1389.071708 1279.126760 1424.783405 1457.561373 1244.446760
0.250875 1361.440199 1324.755155 1398.049292 1287.899071 1433.824528 1467.050547 1253.110655
0.253352 1380.560193 1343.768946 1417.455285 1306.771589 1453.565450 1487.546754 1271.848234
0.256582 1405.287087 1368.228206 1442.679498 1330.816354 1479.015336 1513.490636 1295.046637
0.258508 1419.999995 1382.720576 1457.361931 1345.183533 1493.985948 1528.530559 1309.123314
0.260973 1438.798104 1401.110266 1476.371150 1363.493594 1513.128910 1547.669396 1327.159796
0.263414 1457.221102 1419.231427 1495.031309 1381.397850 1532.094346 1566.469019 1345.086528
0.265175 1470.499693 1432.179814 1508.281783 1394.383231 1545.789554 1579.946524 1357.713788
0.268438 1494.661304 1456.143386 1532.985076 1417.534014 1571.113913 1605.312048 1381.136206
0.271649 1518.155540 1479.551224 1556.767712 1441.172327 1595.244731 1630.229538 1404.058753
0.272985 1527.970162 1489.240287 1566.735663 1450.968800 1605.172354 1640.516829 1413.534727
0.274998 1542.619033 1503.593511 1581.716205 1465.086778 1620.089259 1655.937264 1427.909440
0.277092 1557.803282 1518.471897 1596.981725 1479.734491 1635.563408 1671.485475 1442.481406
0.279732 1576.708698 1537.288102 1616.066220 1498.291547 1654.963456 1691.084754 1460.922265
0.282245 1594.551960 1555.069618 1634.205747 1515.973633 1673.225369 1710.288061 1478.349958
0.284313 1609.250803 1569.510161 1648.940689 1530.081737 1688.476352 1725.982671 1492.606842
0.287249 1629.801041 1590.020689 1669.712629 1550.125224 1709.019000 1748.085414 1512.705387
0.289974 1648.794518 1608.711942 1688.959185 1568.526907 1728.226382 1767.621481 1531.208548
0.291879 1661.882894 1621.628932 1702.297921 1581.220763 1741.859380 1781.426718 1543.940709
0.294402 1679.174287 1638.861879 1719.903633 1598.049504 1759.784967 1799.566107 1560.492984
0.297180 1698.063300 1657.364097 1739.028186 1616.218891 1778.799917 1819.364321 1578.414151
0.299627 1714.750657 1673.892307 1755.601047 1632.687043 1796.152915 1836.639531 1594.367275
0.302109 1731.482528 1690.310473 1772.341519 1649.178987 1813.071012 1854.010007 1610.259293
0.303821 1742.914027 1701.600592 1783.867630 1660.227821 1824.296512 1865.897264 1621.142268
0.305884 1756.670552 1715.035874 1797.617084 1673.573167 1838.270653 1880.126031 1634.176891
0.307840 1769.549976 1727.709972 1810.620062 1686.173708 1851.648023 1893.518487 1646.453278
0.311161 1791.061191 1749.065155 1832.369529 1707.609886 1873.554119 1916.657899 1667.115312
0.313483 1805.874027 1764.025924 1847.328834 1722.271155 1888.714897 1932.832143 1681.424063
0.315204 1816.880958 1774.928921 1858.377608 1733.051126 1899.901669 1944.733220 1691.954817
0.318572 1838.303921 1795.950304 1880.037210 1753.822688 1921.754194 1967.809971 1712.380025
0.320174 1848.464974 1805.694252 1890.191637 1763.624656 1932.154465 1978.692604 1722.014780
0.321874 1859.135827 1816.171795 1900.901985 1773.968660 1943.048404 1990.172000 1732.179634
0.324460 1875.208802 1832.056923 1917.164023 1789.526836 1959.343964 2007.492368 1747.520019
0.326264 1886.250122 1843.053586 1928.278260 1800.398062 1970.671134 2019.478559 1758.162397
0.328688 1901.062265 1857.568664 1943.013137 1815.117926 1985.911293 2035.460643 1772.565421
0.331435 1917.647964 1874.012876 1959.743350 1831.395319 2002.919791 2053.403996 1788.751981
0.334957 1938.762897 1894.971278 1981.114539 1852.049443 2024.610092 2076.136843 1808.796506
0.338593 1960.310365 1916.344432 2002.826093 1873.213761 2046.210472 2098.978225 1828.893112
0.342071 1980.691378 1936.300519 2023.298876 1892.336182 2066.592763 2119.857494 1848.284336
0.345363 1999.691868 1954.904501 2042.478689 1910.699610 2085.631724 2139.345184 1866.401686
0.347363 2011.042571 1966.236341 2054.012819 1921.848486 2097.336388 2151.062904 1877.304027
0.350744 2029.955513 1985.084945 2073.230514 1940.646956 2116.889530 2170.656184 1895.663983
0.353241 2043.778827 1998.713468 2087.297016 1954.278768 2130.891860 2184.951473 1908.982757
0.356486 2061.565371 2016.274339 2105.408031 1971.958358 2148.958922 2203.313369 1925.996833
0.359761 2079.282154 2033.917636 2123.557750 1989.379089 2167.182637 2221.596835 1943.065452
0.363834 2101.259110 2055.544829 2145.741188 2010.829137 2189.742161 2243.996629 1964.116879
0.368270 2124.740500 2078.953665 2169.315656 2033.662843 2213.619969 2267.970902 1986.657849
0.370513 2136.524973 2090.638773 2181.240311 2045.218497 2225.457629 2279.925031 1997.908373
0.376399 2166.737982 2120.405597 2211.734451 2074.804313 2256.157632 2310.768173 2026.970251
0.378918 2179.436230 2132.913102 2224.599657 2087.283047 2268.998208 2323.737651 2039.205436
0.382238 2195.944728 2149.453214 2241.392745 2103.435709 2285.905288 2340.628344 2055.152939
0.386087 2214.870455 2168.241205 2260.566994 2122.343536 2305.402255 2359.915125 2073.380914
0.390840 2238.124180 2190.993428 2284.019474 2145.268354 2328.580618 2383.303821 2095.511716
0.394724 2256.474150 2209.351492 2302.849482 2163.401107 2347.406461 2402.077826 2113.296794
0.398308 2273.208926 2225.980416 2319.953078 2179.734998 2364.658585 2419.126535 2129.463551
0.402294 2291.466771 2244.248445 2338.538317 2198.014434 2383.979430 2437.791900 2147.180969
0.406380 2309.987909 2262.738083 2357.153512 2216.007755 2402.795854 2456.600397 2165.052975
0.410852 2329.849425 2282.649055 2377.441178 2235.894408 2423.031820 2476.820556 2184.287422
0.418133 2361.671496 2314.133330 2409.421086 2267.292239 2455.302756 2508.935873 2214.446646
0.423121 2382.861793 2335.197962 2431.049330 2288.521237 2476.910401 2530.374579 2234.012260
0.428519 2405.352376 2357.397963 2453.820266 2310.258628 2499.693561 2553.073939 2255.158373
0.432440 2421.318737 2373.207573 2470.062498 2325.949484 2516.414234 2569.837584 2270.505167
0.435382 2433.225063 2384.790632 2482.000402 2337.486337 2528.358847 2582.201366 2281.860863
0.439498 2449.711018 2401.361628 2498.744292 2353.786746 2545.371630 2599.164072 2297.526942
0.447569 2480.908713 2432.623277 2530.439783 2384.920749 2577.641029 2632.104049 2327.503048
0.452693 2500.323422 2451.932472 2549.838932 2404.413198 2597.364907 2652.336736 2346.035098
0.458871 2523.177698 2474.731326 2572.987332 2426.659499 2620.884871 2676.173517 2367.875581
0.464067 2542.009163 2493.318516 2591.925856 2445.771891 2639.877575 2695.767441 2385.834534
0.470232 2563.911868 2515.036190 2614.176482 2467.065506 2662.228056 2718.644004 2406.661252
0.473497 2575.366912 2526.297251 2625.655052 2477.836956 2674.005938 2730.668179 2417.484950
0.477997 2590.664909 2541.329350 2641.317459 2493.030158 2689.705757 2747.109275 2432.173158
0.484231 2611.576359 2562.043140 2662.488783 2513.564837 2710.944428 2769.302097 2452.090855
0.489966 2630.408377 2580.664785 2681.494661 2532.136673 2730.217126 2789.409511 2469.986509
0.498732 2658.492737 2608.357878 2709.862063 2559.661079 2758.695515 2819.274916 2496.561068
0.505188 2678.448065 2628.443399 2729.901050 2579.333644 2778.742989 2840.624753 2515.554189
0.512062 2699.496387 2649.111300 2751.040821 2599.323687 2799.758137 2862.775575 2535.256214
0.517920 2716.704179 2666.147882 2768.665200 2615.912942 2817.635768 2881.186040 2551.628586
0.526900 2742.362181 2691.645321 2794.683237 2640.497872 2843.672977 2908.612935 2576.014646
0.533149 2759.711650 2708.627089 2812.406375 2657.861506 2861.126340 2927.147658 2592.491402
0.539940 2778.113232 2726.735055 2830.895467 2675.392763 2879.912148 2946.789292 2609.949628
0.546545 2795.630615 2743.762519 2848.468628 2692.686138 2897.808394 2965.408116 2626.496450
0.557589 2823.739539 2771.880559 2876.743847 2721.043458 2926.376480 2995.515702 2653.249143
0.568206 2849.767321 2797.839744 2903.018947 2746.307783 2952.984052 3023.297129 2677.930639
0.578543 2874.022481 2822.138186 2927.674439 2770.091857 2977.653082 3049.305180 2701.033577
0.588784 2897.239937 2845.291914 2951.090587 2793.169671 3001.027327 3074.100512 2723.057145
0.600042 2921.756758 2869.819378 2976.011083 2817.114697 3026.258861 3100.296162 2746.323053
0.613933 2950.844428 2898.649934 3005.392359 2845.532887 3056.366317 3130.936151 2773.741818
0.623256 2969.478802 2917.073493 3024.393937 2863.846463 3075.811080 3149.608050 2791.381729
0.633441 2988.918821 2936.707676 3044.190620 2883.449916 3095.970681 3169.297524 2810.340684
0.646216 3012.689856 2959.902065 3068.119306 2906.553322 3120.498847 3192.994217 2833.829606
0.654850 3028.110236 2975.530537 3083.924071 2921.742889 3136.319155 3209.520910 2849.135364
0.664047 3044.062863 2990.981674 3100.068492 2937.761890 3152.526841 3226.695548 2864.955038
0.676079 3064.590468 3011.128152 3120.461164 2957.577133 3173.179295 3248.343546 2884.926924
0.683376 3076.439072 3022.882458 3132.566005 2969.350685 3185.625256 3261.039475 2896.656744
0.692208 3090.342766 3036.587631 3146.611004 2983.073246 3199.718434 3275.983633 2910.480080
0.703415 3107.494901 3053.522837 3164.046898 2999.694061 3217.320818 3294.307477 2927.454316
0.714565 3123.774430 3069.944434 3180.629749 3015.556531 3234.188355 3311.858950 2943.739204
0.723768 3136.880558 3083.021544 3193.871964 3028.125071 3247.852312 3325.857431 2956.746281
0.736410 3154.331105 3100.037935 3211.560791 3045.162899 3266.172556 3344.400039 2974.001960
0.758984 3183.721016 3129.238445 3241.205782 3074.206677 3296.960701 3375.649501 3003.152607
0.778429 3207.446154 3152.879117 3264.956609 3097.231700 3321.898569 3400.790816 3026.671611
0.800053 3232.253309 3177.228034 3289.806475 3121.426912 3347.161953 3426.980017 3051.236438
0.817192 3250.709125 3195.429932 3308.459910 3139.269913 3365.673942 3446.512574 3069.602688
0.832873 3266.755471 3211.197880 3324.756910 3154.347321 3382.121921 3463.498323 3085.606649
0.853642 3287.022428 3231.240332 3345.304764 3173.312644 3402.925624 3484.784122 3105.706075
0.875771 3307.185705 3251.146236 3365.752406 3192.941203 3423.316544 3506.052543 3125.839541
0.901002 3328.824260 3272.426440 3387.636235 3213.978499 3445.695771 3528.611728 3147.309436
0.925688 3348.561599 3291.875010 3407.572998 3233.277643 3466.065822 3548.911497 3166.713408
0.949112 3366.073756 3309.372782 3425.293244 3250.349576 3483.842605 3566.907742 3184.331592
0.976477 3385.012122 3328.107329 3444.794960 3269.438311 3503.444736 3586.505178 3203.350122
1.004205 3403.082398 3346.102297 3462.939512 3287.223686 3521.081363 3604.933835 3221.281506
1.039224 3424.154843 3366.499017 3484.076198 3307.835098 3543.028285 3626.118465 3242.182968
1.073231 3442.696954 3385.173931 3502.797945 3326.389853 3562.451878 3644.483563 3260.803510
1.120497 3466.398190 3408.546152 3526.783254 3349.361847 3586.347129 3667.535206 3284.257373
1.164379 3486.112487 3428.197268 3546.787481 3368.697429 3607.075154 3686.684175 3303.812021
1.227689 3511.357316 3453.082382 3572.212648 3393.321768 3632.509668 3711.052866 3328.794689
1.306971 3538.281715 3479.764468 3599.580712 3419.881602 3660.668562 3737.058353 3355.581348
1.411547 3568.203741 3509.108220 3629.344368 3449.496248 3690.645311 3765.305175 3384.810988
1.503696 3589.681084 3530.395251 3651.362470 3470.343614 3712.032238 3786.828667 3406.048394
1.648603 3617.463268 3557.459075 3679.212866 3497.509763 3740.409623 3813.573675 3432.973514
1.827122 3643.336175 3583.468871 3705.774519 3524.064576 3767.147528 3839.391041 3458.206175
2.086177 3670.471129 3610.201945 3733.231416 3550.460080 3795.657459 3865.649118 3484.427515
