0.260374 10.890884 8.171512 14.998932 6.306731 21.189753 29.205326 5.067903
0.419911 32.745726 26.105409 41.152108 21.036520 51.279113 62.973482 17.384875
0.558054 55.391434 46.422994 65.638656 38.468380 77.039804 89.590278 32.716680
0.707527 79.193345 68.842550 90.248916 58.722289 101.981699 116.618632 50.853829
0.868507 101.669381 90.681563 113.196794 79.424034 125.241724 139.543565 69.321350
1.099698 128.361964 116.836947 140.412977 104.372849 152.866586 166.667634 92.630373
1.378359 154.534441 141.686576 167.392550 128.116653 180.123538 192.646715 115.558499
1.555708 169.057748 155.665848 182.328583 141.841382 195.580547 208.115612 129.523986
1.990230 201.681869 187.044594 216.234342 172.687212 229.538018 245.432612 159.492139
2.378709 229.976043 214.277881 245.530794 199.669126 259.188917 279.490222 184.279957
2.678876 251.831739 235.333961 268.291375 220.721126 282.805977 305.557295 204.313073
2.971378 273.203427 256.047197 290.444317 240.847274 305.876331 331.756953 224.587068
3.286714 296.116252 278.417629 313.795653 262.570840 330.223581 357.737296 245.815591
3.712367 326.354574 307.686290 344.611638 290.822088 362.268629 388.879590 271.399210
4.059780 349.696940 330.572195 368.574603 312.362371 387.039882 413.182135 292.071530
4.469882 375.711257 355.766588 395.416219 337.523009 413.950503 439.928681 314.822562
