0.260374 15832.770855 13132.415417 18724.724907 12225.741195 19856.491675 20047.387113 12045.588278
0.419911 46642.820575 38687.662548 55162.421800 36016.630202 58496.569361 59058.941022 35485.905652
0.558054 77707.513615 64454.122352 91901.274198 60004.149562 97456.005104 98392.923218 59119.955924
0.707527 109459.514392 90790.666243 129452.975366 84522.393872 137277.420124 138597.171549 83276.910627
0.868507 139342.726740 115577.152586 164794.542277 107597.598054 174755.115132 176435.167919 106012.089179
1.099698 175586.427273 145639.315174 207658.380093 135584.240867 220209.744934 222326.787375 133586.333655
1.378359 213303.374509 176923.455134 252264.562283 164708.494594 267512.030535 270083.825540 162281.425731
1.555708 235804.978066 195587.301670 278876.223655 182083.771737 295732.163815 298575.260256 179400.668757
1.990230 289416.491790 240055.113137 342280.213742 223481.483980 362968.441391 366457.930903 220188.363292
2.378709 336240.685184 278893.214495 397657.137234 259638.166556 421692.477435 425746.525416 255812.257570
2.678876 371148.856215 307847.628580 438941.502779 286593.540857 465472.167917 469947.103097 282370.429834
2.971378 403545.408465 334718.792581 477255.486754 311609.494605 506101.939924 510967.479761 307017.759957
3.286714 436258.880982 361852.824570 515944.278454 336870.167689 547129.173923 552389.139518 331906.203343
3.712367 476362.190103 395116.320885 563372.706367 367837.121160 597424.288470 603167.778952 362416.841985
4.059780 505558.630844 419333.167831 597902.058566 390382.014381 634040.676584 640136.188035 384629.523996
4.469882 536097.053407 444663.115126 634018.513913 413963.158464 672340.096122 678803.808793 407863.187151
