0.260374 84.914769 24.596476 294.279458 10.318643 786.357498 1567.845798 5.342580
0.419911 71.728617 26.281117 185.783190 12.094858 397.221101 671.832960 6.770388
0.558054 73.357567 30.750311 163.564468 15.010040 307.530730 487.104278 8.914980
0.707527 78.751833 36.424947 158.778512 18.517078 269.778585 405.083940 12.088030
0.868507 86.547996 43.364874 161.322469 22.616675 255.578166 385.940856 14.678438
1.099698 99.106866 53.632356 168.328033 28.749775 250.971661 356.972186 19.628079
1.378359 111.491382 64.106090 178.757352 35.765158 256.123902 347.121201 24.154682
1.555708 118.627667 69.797336 183.553824 39.888746 259.181057 354.748637 26.221359
1.990230 130.490480 81.054519 193.946598 47.835308 266.307507 356.002915 29.701204
2.378709 138.263194 88.165983 198.974741 52.106534 271.641515 356.592077 30.923570
2.678876 142.213399 91.900029 202.997404 54.383535 275.932987 357.628568 30.709155
2.971378 146.091812 94.602660 206.515230 55.649473 279.772175 365.087026 30.234781
3.286714 148.601722 97.310534 210.254973 56.796282 282.607019 367.577346 30.799223
3.712367 152.125944 99.967043 214.862088 57.859672 288.622198 375.144872 30.853950
4.059780 155.181496 102.092307 219.588648 59.007138 294.306599 382.475174 31.478069
4.469882 159.428096 104.372792 226.213624 60.716193 302.158593 386.426727 32.286671
